1000 2000 31084
34 41
74 404
90 906
46 470 911
40 131 375 932
44 327 665 700
32 37 144 239 298
94 599
30 13 364 547 684 783
64 427 454
40 125 177 652 732 821
60 542
59 189 283 440 662
76 166
46 315
81 558 666 906
47 566 583
34 215 314 370
104 691 833 841
21 130 132 608 938
52 343 397 766
39 64 146
1 19 370 562
53 240
69 49 67 807 863 951 986
81 196 254 673
43 353
32 173 470 610
33 530
54 35 422 858
53 486 635 819
61 590
48 142 240
21 62 845
76 420 553 713 788 792 806
21 157 461
40 164 270 550 718 768
81 201 297 314 394 395
83 31 845 948
66 712
10 86
51 600
81 102 516 522 992
41 213 338
19 686
65 23 171 891
40 157 815
44 305 460 635
68 65 116 357 997
16 52 192 816
13 60 386 516 718 792
31 7
47 107 184 536
49 223 646
47 95
66 123 588 983
79 270 513 589 831
67 81
54 399 470 709
27 108 190 452
31 311
41 209 229 375 913
65 52 689 877
54 243 402 531
101 215 221 242 775 919 924
49 851 960
47 164
63 113 246 271 667 737
52 985
73 76 150 404 954
46 290 806
52 58
46 465 503 560 771
4 500 597
25 100 266
27 75 251 284 768
53 197 203 523 545 613
29 245
13 309 616
54 648
23 120 954
51 266 483 854 980
67 540
25 312 368 535 836
68 155 224 735
63 136 229 269 463 616 912
24 697
87 6 485 837 984
38 842
69 511 513 614 884
56 57 193 194 296 410 772
25 447 614 902
54 252 302 592
58 740
60 238 549 705 752
66 26 128 866
55 539 708 818
62 523
73 157 359
65 689 898
49 377 396 612
30 762 932
61 730 962
15 243 517
46 50 520 567 923
21 132 463 486 616 872
74 358 597 679 870 929
57 607 849
47 577 602
37 105
45 680
64 332 390 845
65 353
28 612 613 692 716 731 804
31 386 450
21 604
49 347 810
17 103 273 866 984
70 253 317 426 724
57 895 994
51 240 623
66 127 613 720 829 839 900
38 200 314 599
78 85
78 46 286
29 478 919
55 56 135 455
75 217 272 441 479 546 991
56 589 952
43 20 356 369 537 594
1 910
78 101 226 469 774
37 171 468 527 774
37 564
76 146 152 254 452
35 416 536 673 734 740 841
75 641 677
69 330 388 640
54 246 847
31 741
67 165 238 403 484 531
50 439 640 684
35 165 212 242 284 308
44 48 539
73 45 416 792 794 962
83 424
58 238 421
8 74 274 327 401 663 706
53 313 358 554 959
22 33 536 807
44 485 567
27 83 327 557 794
43 75
43 200 272 615 969
54 439 467 535 616 853
18 91 106 249 381 692 725
48 218 566 984
74 389
102 137 721 800
65 571 672
37 61 150 172 314 556 696
84 97 189
48 102 273 511 766
52 38 135 421 773 902
56 585
65 270 349
52 451
38 652
49 506
72 746 796 815
58 234 296 337 756
35 58 308 332 978
1 29 365 732 750
74 671 780 796
41 535 630 849
72 411 437
54 336 446 482 521 612 753
53 534 767
26 954
48 757 776 903 978
94 18 464
44 887
46 459
29 323
84 206 461 570
93 7 251 253 920 931 997
80 123
48 15 418 813 826
48 960
60 305 402 436 540 663
54 540
82 410
88 280 347 602
39 439 608
105 2 479
46 813 962
49 480 892
40 556
60 66 320 327 977
43 222 637 849
52 702 751 868
36 417 565
36 40 486 659 970 987
56 65 561
24 80 170 256 371 588 691 771 871 942
35 127 864 940 964
6 50 808 966
54 58 509 691
81 238 430 479 605
58 369 681
29 69 241 429 503 661
91 755
45 160 212 537
41 450 937
63 956
32 198
59 74 209 385 520
44 383
35 34 246 388 762 868 998
52 902
28 135 145 203 830
66 467 907
41 15 154 329 675
73 413 591
76 614
32 32 587
52 43 398 610 690 747 959
19 225 304 607 735 955
60 521 799
36 125 716
53 596
54 245 311 596 718
61 225 298 639 934
47 30 33 366 428
36 20 329 378 603
35 259 363 367 978
63 581
92 245 939
42 194
47 51 84 353 786
53 368 508 990
31 0
56 91 611
61 946
32 181 691
32 120 331 465 607
52 208 445
38 170 903
46 376 423 570 831
80 526 727
68 376
33 155 190 274 309 610
64 118
31 145 781
47 55
90 23 154 301 850 926 979
39 655
84 46 284
43 96 212 249 516 594 963
60 300 448
51 789
39 290 545
75 641
35 163 358
55 216 495 711 771
67 595
48 95 464
46 674
62 66 733
29 777
82 709 902
58 92 171 441 787
38 799 849 955
15 493
73 873
37 154 535 598
64 634
57 370
37 188 383 599 668 762 852
51 792
37 30 662
88 585
49 472 534 602
25 447
54 244 598 891
66 34 67 267 488 567 645 704
62 17
40 87 623
24 468
77 148 478 518 898
52 142 264 417 505 974
41 853 934
35 71 116 139 226 957
85 527 752
62 156 270 284 813 906
44 607 845
52 748 880
41 200 693 842
53 369 397 733
30 877
42 173 270 979 991
51 144 545 829
73 257 288 338 617
36 90
49 150 561 616 653 726
24 64 245 396 627 941
61 229 536 682
41 295 336
22 181 278 325 576
48 234 343 554 793 935
38 852
46 65 195 963
56 376
34 47 652
46 592
81 85 324 600
36 231
77 355 975
41 517
80 820
39 179 293 309 709 881
62 257 498 769 832 884
93 620 822
37 207 757 837 926
50 654
77 877
25 150 326
26 437
70 590
73 586
40 36 91 763
76 200 306 596 637
52 328
50 768 927
57 65 242
71 73 110 206 253 268 495 772 828 843
60 345
71 289 462
77 614 621
63 52 86 103 423 694 872
16 762
38 104 125
16 90 612 668
42 507 732
17 141 340 780
28 382 644 758
20 282 481 992
68 271
90 658
65 144 313 521 625 662
61 523
45 87 357 453 603
49 112 270 556 799 876
25 199 903
70 113 117
32 657
70 276 314 696
69 723 814
70 44 92 373 915
56 145 203 548 677
60 483 677
71 318 880
73 218 329 878
69 576
28 232 365 416 869
47 579 858
73 356
75 120 409 453 529
54 21 712 745
36 709
25 166 255
66 472
6 463 900
44 0 120 948
38 557 684
58 950
53 397
31 106 473 788
47 129 208 564 752 833
61 37 524 972
102 25 100 163 379 915 946
30 213 608 775
54 86 279 447 518
43 515 960
32 237 496 673 717 846
33 191
52 507 632 868
48 395 778 838
40 59 332 483 645 688 761 812 860
44 72 465 524 555 811 873 953 961
55 479 573 743 793 847
54 788 807
52 835 939
43 8 67 210 552 588 625
57 84 134 141 440 881
28 80 185 234 239 760
48 123 399
63 564 621 636
56 273 336 443 458 721 756
54 86 176 995 997
39 189 493 513 835
41 106 230 242 564 855
65 969
44 280 399 963
54 452 748
73 3 41 458 701 997
62 122 461 967
37 135 300 605 715 728 955
75 160
73 417 858 861
24 132 442
21 781 919
50 109 742 933
54 237 386 482
38 52 363
74 230 855 911
45 160
57 630 758
76 144 470 520 969
54 565 597
43 216
26 778
1 15 52 190 500 556
30 604
47 671 742
28 283 841 896
40 362 515 994
66 89 261 496 953
52 633 770
33 259 507 518 856 923
60 42 281 624
53 5 83 463 605
40 636 959
43 198 757 784
48 530 579 699
22 274 897
81 126 488 595 729
44 36 305
56 647
54 42 518
41 128 354 525 883 950 970
26 537 761
50 84 200 394
12 462 639 702
49 75 126 541
42 468 645
40 30 40 109 378 705
56 347 999
32 320 824
65 79 385 551 937 938
61 56 434 486 521 622 669 916
43 722 990
31 846 887
46 78 164 323 772
57 264
55 67 117 303 990
49 256 606
69 883
82 548 711 717 784 799 832
26 5 249 417 426 774 819 993
55 591
52 30 111 766 873
40 891
36 55 390 397 532 676
77 555
69 137 712 885 894 967 971
52 277 878
38 285
62 388
62 143 185 306
58 75 354
66 10 13 447 510 768
19 233 401 690 855
42 459 817
40 551 738
43 126 980
42 317 423 474 479
62 63 240 252 319 541 764
15 598
38 863
74 148
53 39 278 543 761 813 876
34 74 271 340
35 616 906
30 969
27 332 378 489 674
65 104 143 213 808 907
11 188 507
70 48 655
51 382 449
67 46 539
30 67 232 834
29 238
86 18 205
98 196 443 483
59 106 131
64 404 688
54 81 659
86 242 346 685 832
30 373 941
16 228
64 562
99 352
33 515 642 844
53 155
30 171
77 187 196 399 476 648 885
77 168 315 587 640 841 865 891
60 371 587 596
40 134 156 393 750
30 434
64 247 463 641 813
49 276 970
63 510 605
32 59 132 218 257 322
80 21 283 439 457 473 505 817 891
76 567 638 774 833
43 102 264 476 653 906
61 176 229 569 768 846
31 49
78 156 370 431
47 270 582
58 150
87 23 288
28 527 764 925 968
46 67 311 444 665
64 705 930
29 53 481 855
51 416
51 456 787
58 533
71 584 699 980
75 207 293 726 780 800
57 244 254
38 297
50 433 665
49 433 611 808 905
84 207
71 540 613 639 951
10 240
78 165 278 299 566 577 597 608
18 98 345
4 183 243 990
16 697
69 952
50 458 811
53 469 723
68 452
36 49 549 841
50 46 367 512
39 40 513 723 808
47 470 614 889 957
45 25 29
85 62 697 813 866 897 973 995
70 391 697 760 810
52 412
14 121 261 340 395 583 667 964
45 331
30 106 244 626
77 431 671 939
38 13 119 135 386 643
30 114
40 287 396 723 788
41 372 777 822
58 164
49 26 194 234 249 839
37 182 248 621 733
38 132 896
46 454
40 993
74 628 933
42 328 838 879 955
62 349 925
46 454 682
58 94 130 178 323 752
42 671
41 378
40 607
99 411 578 980
40 335 771
25 110 566
54 50 220 327 558
40 806
70 71 74 348 589 690 692
67 107 400 637
61 342 996
59 921
47 60 90 428 505 530 598 654
79 498 518 551
93 868
20 462 541 836 921 995
30 32 342
42 167 210 406 809 863
68 349 545 652 744 870
44 24 115 541 902
26 169 493
11 860
81 447 678 756
60 578 736
79 184
53 243 719 781
83 756
30 143 292 502 528 588 800 962 981
44 496 500 512 519 763
56 29 560 935
50 198 203
41 577
77 955
41 88 589
70 542 564
50 463
64 618 870
19 43 296 689 723
37 103 938
74 616 831 970
43 442 453 532
87 225 674 863
48 157 507 580 757 777
72 17 362
42 159 218 660
15 459 470
53 508 671 887
41 264 381
57 305 663
35 367 621 761 881
43 231 914
20 310 873
61 910
68 20 589
46 847
37 35 268 351 894 974
64 338 844
65 280 357 398 533 623 976
53 346 397 741 891
88 455 537 578 702
69 97 440 634
67 265 492
49 145 773
81 196 828
23 784
68 133 703 871 909
38 205 444 599 928
20 19 926 985
46 78 516
36 65 410
48 363 507
52 555 595 787 816 874
82 448
45 391 617 858 976
49 210 318 601 615
7 161 523
22 612 726
68 324 701
59 104
64 248 848
23 482 592
23 563
44 67 716
26 110 310 313 321 337 419 704 705 959 960
62 125
44 132 468 768 938
65 880
69 283 425 812
18 21 364
18 36 406 800 802 944
31 163 316 905
65 272 540 580 994
80 105 195 308
5 303 547 932
21 62 855 928
46 447
102 29 235 252 503
82 466 537
65 97 359
55 988
57 78 365 783 963
40 109 940
42 363 910
42 112
56 5 18
54 150 212 275 725 750
80 204 483
50 139 620
33 152 483 976
78 296 772
42 74 800
32 136 921
26 566
34 844
24 58 397 763
74 566
73 52
27 49 123 385 691
71 507 904
13 28 184 526 569 819
49 428 696
67 102 108 173 323 811
65 405 410 763
34 65 218 577 611 709 865
59 85 120 357
45 148 622
81 295 623 858 991
51 646 858
66 26 202 832 871 890
26 820
88 477 720 830
43 2 567 848
62 117 706
57 146 230
51 505 879 909
37 976
57 0 256 502 531 532 685 861 912 930 963
53 808
41 156 408 677
27 359 925
48 587 703
37 352
68 189 975
8 27 201 220
76 61 524 858 885
36 365
41 64 721
6 305 551 902 928
55 142 933 978
71 530
31 298 458 632
53 885
73 20 325 512 753
67 677 748 818 840 911 932 964 989
43 451 570 655
45 10 574 804
35 748 820
33 155 247 277 584 825
43 25 75 175 341
35 74 462
41 267 477 521 839
62 658 720 980
25 687 940
62 72 273 465 539 625 793
57 14 142
67 50 166 589
87 536 803 934
74 9 725 944
93 411 760
53 45 911
48 31 44 56 934
44 255 462
81 178
44 103 396
1 21 310 496 644 936
22 87 335 576 763 785
32 682 808
63 652
51 34 618 951
52 21 431 699 763
69 117
66 188
55 663 927
47 148 399 514 952 984
75 298 795
63 996
51 261
79 352 421 823 923
86 216 603 615 896 917 920
27 966
73 334 514
54 1 567
30 335 553 617
44 418 826 846
38 205 235 423 440 506 986
38 505 557 635 685
49 503
35 248 579 590 743 972
3 530 556 890
49 132 417 664
28 682 797
37 214 376 506 600
70 9
28 687
35 75 645 912 980
28 508 586 671
50 814
46 517
78 202 696 815 845 863
77 32
45 530
20 208
39 207 343 586
47 316 432 636 726 728
33 48 446 529 685 767
60 5 737 868 894
85 422 744
64 306
76 520 545
34 127 472
45 825
55 790
44 465 769
45 226
15 355 607
37 652 869 954
52 138 449 902
38 91
34 175
23 778
43 629
52 168 463 683 950
10 985
45 450 457 969 972
11 46 56 146 262 997
30 413
37 458
78 79 83 185
49 598 807
31 87 209
27 330
32 322 436 946 952 997
37 31 42 139 815
59 809
54 56 90 601 853
24 7 820
89 431
37 288
13 572
34 657 868 918 927
29 46 246 315 451 555 804
17 733
69 20 951
38 41 557
42 410 739 818
93 93 254 352 444 592
59 340
20 140 929 981
20 135 431
41 424 906 910
40 422
61 36 92 903
88 598 708
36 453
67 126 673 883
73 229 597 762 881
45 193 719
78 260 263 279 573 809 879
70 64
37 53 55 126 749
22 198 695 795
51 361
33 11 34 128 260 724 744 927
7 42 703
59 443 625 826 898
78 16 303 674 789
67 77 204 403 959
44 817
41 116 344 352 574 721 878 941
99 489
54 23
51 43
54 147 298 980
65 628 915
21 51
39 367
52 43 346 691 996
47 19 398 451 851 910
46 267 876 918
63 339 510
61 431 836
63 927
22 949
37 129 390
61 248 863
51 129 198 271
16 590 727
27 516 997
32 735
70 98 101 169 588 903
46 497 542 721
56 106 435 920
45 316 455 461 552
51 53 363
25 15 931
59 712
33 124 676
48 56 62 635 686
70 48 195 486
61 467 564
44 38 644 673 967
42 60 195 465
88 78
84 794
62 763
36 141 184
52 373 426 641
28 77 189 255 430 618 635
46 40 225 234 397 734
72 211 219
38 102 472 537 629 838
45 40 65 290 332 385 410 571 890
44 12 249 259 391 663
36 502
49 185 341 476 700 993
56 9 35 265
97 438 458 480 879
9 101 144 390 562 611 846
37 146 929
29 359 397 531 797
52 494 676
55 41 468 672 836 944
47 183 199 830
94 975
69 71 706
34 152 372 479 488 693
48 158 336 396 440 745 802 857
72 831
58 116
49 180 335 758 960
59 467
16 85 755 824
40 354 373 477
49 112 224 658
28 133 143 621 975
36 195 553 593
29 458 532 851
73 101 846
47 58
67 250 574 618 729
67 217 909 937 979
86 479 559 697 870
46 8 416 435
68 454 948
38 163 504
51 602 730
37 21 755
70 13
54 284
42 762 828
41 29 688
61 288
8 477
49 219 515 583
31 314 336 638 833 876 944 993
41 420
27 24 483 808 960
58 511 984
57 43 334 512
35 103 286 584
74 81 387 741
108 0 584
70 882
55 479 494 997
30 100 164 198 475
71 463 619
72 484 494 944
61 49 187 193 217 349 550
48 987
99 227 863 919 989
83 40 41 425 640 736
59 98 555 611 721 855 997
40 7 690 928
1 546
74 312 941
38 243 335 719 897
62 103 480
52 586 724
39 87 151 167 200 368 549
13 19 235 531 546 794
32 81 520
35 665 749 965
26 990
47 42
35 61 912
26 27 94 280 455 941 989
48 511
55 789 818
55 761
45 285 867
46 857
39 89 410 420 481 857
37 478 690
64 316 705 858
66 933 969
55 436
41 805
55 65 262 415 639 808
19 146 549 773
40 134 444 490 769 804 918
54 693
32 295 897
68 511 856
39 169 194 299 690
44 331
62 17 201
27 63 749
68 503 671
35 753
53 24 99 122 377 793 918
54 539 874
48 240 413 802 983
26 190 669 859 967
63 600
35 122 164 233 351 454 548 924 996
36 521 565
74 213
53 866
37 147
12 85 569 788 852 889
27 252 424 634 893
65 189 333 457 688 977
62 237 458 648 980
64 282 286 333 335 623 751
53 334
44 397
39 580 979
29 380 706 898
41 197 586 858
40 99 689
26 324 406
54 441 592
53 494
50 394 589 780 798 840 903
72 680 684
76 156 314 409
67 717
34 230 366 468 481 566 573
50 323 338 542 615
44 173 811
20 170 365 461 699 978
40 499 994
45 39 339 508
42 236 435 810
52 25 843
74 343 412 634
70 372 425
70 390 842
34 525 891 936
55 54 606 980
50 314 450 697 813
63 34 235 492 701
53 18 431
55 892
60 212 286 726
60 544 670 842 878
44 140
47 32 112 133
50 18 569 646
69 53 134 483
44 428
12 629 636 668 759 767 970
48 326
52 44 213 409 505 630 765 925
59 84
65 697
53 632
58 119 152 565 899 907
52 355 456
30 238 696 939
45 158 522 852 983
47 167 500
64 706 928
49 179 929
75 258
41 195 294 781
42 113
60 191 688 695
41 109 145 217 369 625
19 52 718 819 849 872 878
46 113
59 93 230 392
36 85 161 325 768
69 194 322 528 538 645 664
60 346
38 134 454
30 309 485 549 678 843 963
87 606 785 916 948 956
47 464 477 607 673
56 998
54 237 570 596 614
56 650 668 829
10 46 335 665
62 56 92 492
68 323
32 422 760
67 183 195
54 224 912
43 203
53 781 832
46 236 642 678
31 48 150 420
25 144 188 567 666 806
23 192 227 312 534 876
53 716 834
42 169 803
38 790
44 52 444 726
37 17 58 155
31 605
24 415 695
73 667 960
64 203 216
9 888
66 865
32 831 959 974
67 81 83 148 364 826 849 957
69 339 563 731 979
1 440
75 142 145 162 192 481 777
40 80 423 462 529 683 698 761
66 234
60 101 791 871 891
19 719 829
42 56 68 135 245 331 514 724 992
46 603 752 978
39 49 621 652 658 757
32 784
97 266 509 536 768 796 800 830 897 909
70 346 529 585 991
17 494
65 90 720
49 505 578 594 695 736 955
25 352 364 847 913
52 415 898
11 118 205 221 590 602 721 890
46 681 743
56 472
90 20 95 418 659 973
65 191 510 656
57 456
23 38 481 487 540
60 90 713 831
31 487 993
65 304 838
56 205 323 498 509 820 950
50 246 261 318 405 407 435 876 971
46 142 424 578 888
65 483 566
63 669 788 793 987
59 88 573
46 906
50 151 407 615 854
46 930
63 188 729
74 20 365
55 25 60 155 367
88 434 617
27 248 638
30 335
39 275 552 872
48 268 512 672
27 701 868
57 399 826
37 90 528 728
60 903
53 261 571 702 796
44 978
54 102 195 671
81 419 951
64 80 881 927
76 771
47 301 638 656
47 607 673 792
95 108 114 704 861
59 724
27 239 246 551
8 280 472 628
70 373 772
80 83 272 891
57 23 115 713 871
2 9 365 619
30 687
59 58 276 277 451 518 726 918
27 5 62 297 387 454 846
55 16 51 201 332 509 659 676
58 50 605
32 924
26 176 245 393 408 477 905
48 157 290 444 507
70 122 527 715
57 690 762
41 457
49 47 155 306 760
84 124 179 380 401 454 636 824
44 826
66 9 251 398 674
30 348 992
50 118 712
72 906
65 248 717
38 338
75 294
45 955
73 649 667 694
57 528
7 19 74
44 687
33 350
1 18 680 828
26 582 782
54 584
61 891
35 250 362 417 525 626 847
16 321 376 493 619 707
36 150 260
43 334 364 563 808
80 378 573
66 404
69 118 936
52 58 392 436 775
43 56 395
45 958
43 132 309 395 423 776
77 665
59 551 830
58 47 669
66 459
27 38 534 666 770
11 848
70 98 284 796 825 858
59 20 409 458 489 509 774
55 319 585 616
59 295 507 891
56 533 810
45 371 448 536 561
71 20 670 785 826 983
63 692
73 35 55 349 414 572 594
83 201 209 245 644
34 120 505 947 967
15 164 532 867 898
43 104
38 124 658
67 209 649 946
76 544 977
51 28 106 692
22 470 930
34 70 225 843 983
72 187 472 625 848 996
71 814
62 313 764
57 68 276 301 483 524 692 941
73 612
18 83 353 397
52 113 298 604 865
39 456 727 857
64 65 578
76 25 185
54 506 957
63 288 303 562 701
61 144 531 669 969
39 165
23 190 318 388 821
69 492
17 103
79 618 798 979
41 463 597 866
64 646
44 264 292 433 471 866
94 0 7 329 792 816
38 361 603 779 910
69 64 173 469 922
9 851
43 240 311 579 697 928
87 752 891
44 168
36 506 682
54 706
37 636
66 72 925
40 37 642 711
76 379 698 846
67 309 478 536 738 899
43 806
30 178 179 449
80 359 542 547 683 993
60 565
49 85 265 550 579 635
46 49 466 610
97 463
44 283 302
63 18 145 292 930
96 365 890 986
15 93 363 442 981
62 537 616 816 831 908
38 606 891
36 525
60 225 386 962
43 408 508
20 2 203 502 836 948 954
11 175
36 429 545 735 749 762
49 675 718 765
37 6 97 141 258 389 390 640
35 139 786
61 73 406
93 53 92 96 158 229 467 677 844
11 267 503
3 427 522 549 667 711
71 42 638
30 64 526 849
66 569
4 439
30 170
33 776
16 275 368 682
38 417 486
54 403
30 25 87 765 768
57 552
49 402 542
63 494
36 309
53 511
64 212 367
9 144 560 615 777
29 386
30 97 98 369 493 926
66 777 991
86 96 145 734 902
64 590
22 105 187 426 906
62 313 439 700 797 908
25 176
51 72 580 666 982
37 158 226 634 979
67 387 522 880 899
38 261 649 801
45 105 409 548 579 639 689
43 220 638
61 123 365 557
45 51 122 963
47 124 344 430 996
57 202 475
44 114 702
77 208 410 418 933
48 178 207
41 91 738
46 5 770 949
54 355
30 149 186 274 886
58 573
26 699 905
30 844 972
46 825
62 452 935
4 161 265
52 232
20 182 360 412 611 695 810
73 313 322 327 357
42 200 219 233 585
22 62 295 566 999
61 154 694 751 781 809 868 966
67 605 725
42 958
56 236 770 822
62 134 158 483 848
58 589
56 507
64 506 958
30 137 315 340 695
73 334 495 574
34 67 294 393 460 773 790
49 371 918
40 207 672 691 836
48 594
61 417
73 48 106 165 679
66 16 83 264 280 555 831 862
24 214 814
40 606
61 262 493 958 971
39 905
48 240
70 917
25 922
51 846
43 695 797
24 49 230
45 531 637 844
26 447 551 814 902 984
74 890
35 113 289 343 533 882
60 529
32 190 276 404 909 923
55 136 697
26 475
35 24 947
48 153 336 505 626
35 50 669
18 238 421 580 617 627 638 706 971
61 575
23 862
63 406 931
55 62 200 594 742 820 857 883
57 460 480 715
38 739
6 852
25 575 815 988
49 787
46 66 241 454 997
47 380 767 771
40 93 95 309 435 443 472 484 606 624 895
48 98 360 427 575 627
46 566
48 584 737 876 927
70 137 816
46 36 262 484 724 775 796
85 319 852 978
38 122 213 524 752
10 500
29 83 123 302 560 720
63 230 246 624 889 905
59 393 859 942
51 563
76 401 613
94 541 690 947
42 282 388 502 661
59 2 72 163 210 274 362 450 517
65 295 640 693
68 110 113 228 343 401 532 820
60 100 836 955
62 59 410
59 654
40 576 694 815
70 10 35 70 737
5 352 376 779 974
79 95 262 482
55 61 157
24 280 564 572 577 877
65 100 141
36 109 360 491 600
37 496
56 17 294
72 110 245 270 416 636 772 871
77 825
42 258 268
45 609
49 946
77 409 757
46 429 489
53 812
54 84 997
35 264 645
55 380 399 814
65 439 978
76 423 487 993
59 567 635
46 355 986
37 36
34 182 984
69 133 855 874
54 424 737 811
48 83 191 572 668 840 855
31 328 403 418 658 919 923 970
75 278 506 548 573 698 979
31 448
23 387 419
39 19 342 643
87 74 489
83 163 177 283 366 431 487 516 609
75 287 426 525 722
45 110 652
44 664 883
47 35 718
73 484 592 760
47 123 317 339 778
40 150 222 427 597 875
75 110 168 442 856 946
15 724
37 598 721 903
64 315 804 993
25 861
39 484 627
48 20 444 765 885
88 741 798
38 10 132 298 392 860
31 494
48 521 612
63 456
87 564
21 728 732 959
53 323 327 504
1 293
67 676
64 456 929
37 6 518
97 978
46 182 619
12 85 166 567 586 662
94 350 566
60 343 842
56 301 798 909
72 332 575
64 135 186 206 921
39 167 635 884 974
51 764 793
102 306 393 750 818
76 119 225 295 489
50 388 528 629 801 913
32 487
50 449 664
39 397 834
40 235 252 405 720
38 478
27 399 865
22 262 897 960
39 209 325 405 791 865
42 984
84 573
50 888
34 54 730 799 817
56 219
51 144
73 186 442 489 887
74 260
41 500 538 908
75 350 847
29 309 339 556
25 51 99 126 147 435 666 689
43 137 591 884
44 91 103 265 330 491
32 410 505 824 904
31 77 112
46 494 662 966
73 249 444 855
71 292
69 119 199 559
90 434 658 735
84 184 439 469 586 995
3 106 142 627 919
39 298 374 801
55 262
103 854
80 6 234 451 583 787 871
58 687
78 18 33 34 258 354 403 618 642 652 789 883
71 703
57 391 414 885 905
76 664 925 979
52 710 952
74 87 307 427 528 965
47 377
69 308 671
37 27 299 338
45 31 176 370 490 548 864
17 781
49 24 348 461
92 334 664
41 199 348 368 411 594
52 717
70 209
60 150 299 556 616 714
72 278 444 691 742 959
79 94 491 624 628 751
30 351 404 850 882
56 239 358
51 673 704
87 220
55 824
18 154 338 397
58 14 190 276 516 939
78 230
92 889
35 272 678
36 114 401 425 458 510 536 561 858 867
68 703
55 43 89 173
73 24 176 364
55 240 398 480 494 550 684 853
64 138 487 529
57 559 626 627 741 914 985
59 266 883 966
47 92 119 762 800 888
77 0 435 440 861 977
68 83 476 655
30 213 307 432 494 632 911
64 529
62 16 377 972 999
36 717
29 651
60 767 801
31 139 319 320
38 17 164
37 116 684
12 32 61 101 114 284 379 674
50 105 255 271
37 392 558 851
61 350 663 874 911
51 0 180 388 391 587 613
38 566 713 755
35 290 344 565
31 641 893 971
32 364 456
52 585 875 951
62 898
31 334 540 609
46 523
69 158 175 366
30 79 986
60 29 223 324 815
25 149 364 574 867 915 916
45 17 20 612 773 822
61 205 279 507 643
63 703
51 417 477 912
34 19 377 585
46 172 204 412 951
42 96 593 624 669 751 812 864 910 979 997
19 275
48 267 421 923 970
79 973
51 276 607 916
53 261 446 802
95 15 239 349 470
4 400 546 983
57 695
53 112
56 453 573 941
53 81 788 860
19 337 446
79 561
1 340 564 888
51 187
26 173 642
42 123 585 785 827
40 523 892
37 14 557
66 60 307 377 564 622 648 829
21 349 848
71 380 445 514 578
75 200 225 250 258 293 501 593 880 968
66 618 886
44 250
69 47 113 338 492 565 672 986
60 133 153 177 316 360 765 780 808
53 230 414 720 824 877 935
34 370
69 6 304 405
46 651 804
52 35 199 262 461 585 591 680
60 836
36 251 696 739 768
54 160 278 422 489 571 944
32 87 496 804
31 22 389 806
39 11 981
55 468
92 44 87
62 995
36 764 843
35 661 785
37 17 153 625 668 772 881
1 165 329
70 551
43 71 308 697 961
21 134 763 807 938
61 464
49 889
58 36 555 589
46 409
76 693
45 95 293
80 91 113
36 254 792
35 794 917
40 233 872 874
23 124 814 954
29 472 580 806
56 768
69 76 193 506 916 986 996
70 294 443 472 911
31 128 788
66 301 678
69 210 592 649 692
69 346 605 933
21 539 805
55 101 545 629
47 122
43 161 173 289 416 847 970
74 43 329 431 747 790
62 290 731 915
49 629 927
1 228 932
48 69 526 660 699 994
28 17 54
64 152
59 206 275 824 918
3 630
48 658
24 187 760
45 65 442 547 713
31 779
70 296 342 465 603 794 820
80 345
47 212 859
70 272 596
53 239 396
59 695
61 82 515 880 901
29 205 222 734 788 870 933 951
64 189 428 431 502 620
30 255 499 631
43 12 273 324 669 816
45 872 966
66 229 268 467 551 724
49 264 293 964
56 207 281 800 802
42 136
52 636 657
12 245 490 594 817
43 379 381 954
25 448
69 45 81 558
56 211
21 265 610
38 143 265 380 671 885
76 364 426 609 642 651 682 714 992
59 169 344
31 189 495 685 768
50 679 821
33 920
58 136 352 905
55 386 543 584 587 777 870 930
73 171 273 277 610 851 914
55 310 483 810
46 149 487
42 349 363 786
68 853 974
37 74 90 230
59 418
53 60 306
54 168 910
22 129 177 351 732
31 400 464 735
31 1 515 797
36 124 297 588 841 921 951
39 992
40 156 505 794 871 974
71 368 542 878
69 379 482
51 324 422
43 722
92 505 702
39 593
41 79 202
77 257 307 893
37 275 389 539
45 174 212 226 984
67 286 597 716 821 955 958 979
81 213 636
31 35 102 382
47 167 320 376
54 162
50 341
46 3
44 242 559 826
1 148 260 292 416 712
64 100
72 278 522 915
37 154 183 518 708
56 244 465 681
35 74 232 603 660 673 710 920 974
47 657 707 802
56 65
69 204 396 427 766
14 140 196 478 827 953
84 95 857
58 121 231 315 764 874
66 65
44 372
58 70 139 299 604 962
63 85 109 170 976 985
47 3 164
75 428 431
46 265
76 388 578 776 819
57 241 267 464 578 683 774 887 960
20 98
81 97 170 379
43 495 876
23 342
98 694
53 23 49 206
50 186 484 655 984 990
50 766
30 50 584
46 166 205 328
63 264 681
56 256 314 379 625
57 189 454 506 633 989
73 23
26 82 591 831 889
39 22 740
54 165 688
19 345
49 238 534 903 987
40 203 723 742 894
76 825
19 356
60 93 149 426
60 886 917
61 39
79 370 571
62 115 797 828
76 37 168 815
47 224 239 650 794 877
5 124 818 981
39 64 548 964
62 441
57 462
47 135 659
60 415 665 744 948
49 469 769
21 383
61 576 765 824 876
19 90 303 844 881
38 92 113 539
77 163 912
61 464 982
88 164 532 639 950 967 996
60 206 887
53 326 381 488
46 8 770
52 438
33 291 405 469 541 663 815 899
29 105 148 185 380 566
57 684
12 439 709
42 145 212 213 526 830
54 337 926
34 107
18 155
58 699
31 90 679 767 926
56 451 574 960
53 76 676 698 793 907 938 970
67 153 201 259 527 564 597 661
60 72 127 236 974
62 121 366 373 553
62 156 519
45 631
32 638 891
61 472 776
72 318
54 178 305
24 486
54 141
21 35 58 305 444 748 864
53 5 568 624 844
30 513
55 993
114 29
34 102 243 296 662
65 549 909 916
27 124 734
50 163 410 569 622
70 310
34 564 642 822 979
48 203 382 541 543
18 423 431
70 589
63 528 770
69 37 406 548 795 900
57 47 158 292 628
42 659
58 363
44 24 835
57 115 208 472 481 646
23 304
58 205 281
51 345 469 583 809 912 936
59 219
28 7 367
40 54 698
46 26 757 875
6 103 325 565 884
52 78 372
72 906
45 19
46 667 896
35 145 557 742 799 818
69 201 622 746 876
51 134
40 70 318 389 815 917 947
28 72 330 609 914
77 328 602 785
56 4 316 394 467 601 645
67 88 716 854 905
49 376 974
44 766 782
45 23 65 137 195 601 906
18 878 886
50 968
46 902 959
43 117 129 423 447
37 814 955
54 129 570 778
46 675
1 66 113 313 635 733 844
72 55 130 139 601 699 738 862
77 473 738
24 0 357 663 858
38 252 312 757 975
40 789
45 11 636
31 515 593
55 219 545
80 23 536 555
80 928
30 22 31 782 811
58 190 505 933 999
82 165 310 399 808
56 522
66 329 421
50 703 880
49 291 940
60 144 277 768
64 907
76 778
75 972
39 213 291 663 833 917
36 322 623
50 16 161 487 609 687 845 894 973
63 2 143 588 867
59 361 936
40 15 73 321 350 402 617 976
54 578
59 222 336
61 267 774 847 957
38 398
36 98 432 684 954 998
56 80 202
57 652 947
78 46 480 678
39 334 974
78 165
70 37 101 277 371 391
48 19
55 260 485 489 997
54 85 295 880
80 98 520 830
39 29
54 126 340
65 662 900
1 942
41 89 867
53 342 406
38 77 81 466 619 948
21 363 650
51 651 695
66 133 197 816 836 976
59 876 967
57 34 56 100 354 358 384 564
36 81 202 208 924 985
53 408
9 464 592
85 85
20 56 332 536 836 954
62 433 498 558
50 50 117 384 438
68 60
46 355 580 610 613 777
12 120 378 392 399 420 847
46 62 770
67 132 426 799
40 210 260 384 488 923 952
35 14 21
80 419 505 730
85 421 862
64 107 631 800
42 815
42 193 543 751 812
16 53 390
39 799
39 582 858 865 952
68 184 544
36 546 670
46 108 274
38 7 8 125 214 278 289 545 658 803 873
30 103 130 219 973
73 118 642 687 908 932
27 61 191 198 536
74 4 15 746 796
53 286 798 949
62 214 931
30 398
41 871
38 116 234 458
52 268
52 88 595 619 704
56 151 841
37 664 693 901
75 896
50 485 702
65 296 996
45 69 330 394
58 40 336 393 582 772
54 399
74 905 980
36 130 672 748
51 24 263 469 674
45 440 840 878 912 950
34 302 525
