200 2000 11971
13 23 79 81 111 197
45 12 42 50 94
51 137 189
35 38 57 118 147 154 169 192
80 0 82
49 59
43 16 125 143
39 60 181
65 48
38 0 46 123 152
29 174
44 165 183
59 82
22 103
31 173
60 43 55
56 64 140
36 38 123
34 35 51
46 34
72 3 36 115 182
70 45
3 1 159 171
62 14 29 41 95 121
39 58
88 36 37 129
45 65 164
14 14 33 37 56 93 141
77 5 11 43 54 84
84 115
20 62
68 195
41 31 54 61 87 168 198
78 9 33 68
60 70 86 198
79 26
80 73
55 21 36 58 84 85 95 128 138 143 163 194
59 174
33 55 135 163
40 83 109 166
43 4 150 178 194
41 80 91
64 33 74 94 124 145
35 9 16 50 52 74 104 184 191 194
37 5 118 163 176
20 4 15 39 49 104 169
40 10 39
40 37 53 146
29 57
61 8 21 38 47 127
45 9 141
63 71 164 169
56 6
78 23 134
50 9 65 165 191
52 39
74 13 116 122
90 136 144
44 0 79 165 187
53 55 56 69 97 156
25 112 115 199
34 40 74 109 160 187
43 39 75
52 5 14 31 193
94 82 147 173
31 36 50
39 12 50
39 135
39 5 83 110 114 176
30 32 69 188 198
27 117 176
78 1
41 195
70 3 16 107
42 11 49 53 166 171
32 17
76 62 140 159
64 95 96
63 64 98
52 28 67
46 165 171
65 99 131
78 10 161
55 10
26 109 176
57 46 90 141 151 170 193
16 30 192
25 112 181
42 145
63 110 126
9 17 48 54 55 98 140 194
39 3 16 134 145 160 163 176 182 184
53 94 103 139
43 31
64 52 126
90 1 42 48 77 86 103 110 133 137 140 175
57 42 105 111
54 6 10 170
19 35 38 154
93 62 75 155 172 188
53 21
30 123 183 188
104 87
59 0
32 67 176
28 23 196
46 92 130 169
56 48 185
52 32 176
65 83 161
68 152
35 2 21 25 34 101 123 130 144 169 179 199
70 52 144
1 19 20 21 151 153 162
29 91 102 103 142 148
51 12 21 180
63 79 85 199
64 16 75
46 57 173 181 196
4 71 131
53 12 140 192
82 14
47 66 89 133
38 144
48 195
54 96 173
80 142 160
27 7 113
63 7 41 70 91 97
26 91 180 198
12 66 165
67 3 5 26 47 62 82 106 141
7 9 31 49
58 42 176
45 7
27 7 92 102 189 194
89 75 156
55 32 50 94 183 192
55 105 169
73 153 177
87 51 78 175
57 63 186
65 198
36 6 22 36 45 55 110 138
38 11 60
91 85 185
59 131 145
90 34
40 11 56 131 196
28 27 53 96 104 133
51 27 106 111 153 193
36 69 144
36 112
30 119
45 156 196
72 3 24 151 185 187
52 15
60 26 150 160
47 139 148
45 116 178
82 172
42 35 55 115 177
45 5 107
52 2 141
54 47 59 98 118
44 183
45 6 83 123 125 172
60 16 23 118 178
74 109 120 162 187
3 26 122 192
17 37
36 14 36 158
53 56 71 102 127 169
46 4
51 7
47 44 133 143 164 199
45 12 13 16 32
49 36 75 86 104 115 119 148 196
55 44 138
28 52 57 106 133 158 186
78 106
69 95 125
55 14 70 134 187
49 9 34 64 141
44 61 113 151
54 11 128
47 117 190
41 7 100 124 168 177
34 45 136 176
75 35
58 39 199
37 13 46 144 172
32 8
54 76 92 107 108 133 158
11 88 190
45 38 59 97
35 71
55 58
47 41 96 179
74 0 43 60
23 3 32
26 68 140
54 16 57 73
64 113 180
61 54
38 35 38 39 151 171 180
37 107 183 199
24 19
64 114 117 133 136 196
51 27 121 163
63 86 150 170
50 185
37 47 56 74 78 152 167
42 1 85 178
74 13 58 76 177
36 6 35 75 121
7 53 120 152 172 183
43 2 50 187
47 28 52 177 181
14 16 109
83 3 38 55 56 69 76 102 187
44 119 129 147 165 186
45 151
55 19 30 59 123 149 182
40 83 178
43 5 44 86 188
15 51 166
47 175
25 188
65 118 137 186
32 75 120
21 87 96 149 191
17 81
53 122 154
51 11 42 88 92 106 132 152 195
32 50 195
13 78
57 46 97 180
64 86 150
50 18 155 162 180 190
73 62 83 162
32 31 126
42 37 87 103 126
77 1 57 62 121 136 189
71 51
64 104 107 117
33 25 35 176 183
55 8 103 132
35 36 47 112 156 168
51 22 43 85 95
63 104 112 131 144
31 51 162
60 115 147 173
65 44
55 33 48 127 191
35 139 146
62 75
38 64 68 93 162 182
48 168 180
64 83 89
64 32 38 134 152
48 18 177
40 143
54 175
60 63 65 80
74 130
35 12 56 57 186
38 4 6
26 105
50 26 28 65 87 132 163
52 105 187
38 181
47 133
37 13 36 85 134 194
62 145
60 50 121 155
29 96 162 197
54 4 161
67 6 13 20 61 164
69 16 49 109 111 116 136 180
59 8 29 58
44 68 89 102 148 192
93 37 66 119 177 190
43 73 152
60 6
79 33 48 159
92 70 132
43 88
64 79 88 89 145 153
65 167 184
20 148 150 197
33 27 83 142 190 191
15 37 156
70 56
28 43 83 96 117 157 174
1 123 125 174
24 185
34 19 36 40 97 142 143 164 169
75 97 163
21 5 27 126 157 181
46 86 99 117
56 23
62 79 181
88 80 96 97 119 120 160
55 52 100
47 55 57 72 90 104 168
36 52
60 4
90 84 94 95 150 169
49 160
52 128 169 199
14 14 134 183 196
23 24 52 67 138 174
24 1 2 108 118 147 161 195
61 41 74 84 89 120 157 182
54 34 68 104 141
14 43 78 181 196
46 34
58 156
21 79 173
56 0 75 138 145 147
31 0 17 60 70 82 127
38 115 127 196
38 22 97 182
37 39 50
52 39 74
47 66
22 87 194
49 31 115
59 1 9 53 62
38 9 130 193
46 25 49 62 79 104 114 116 173
49 65 144 157
32 199
42 90 120 152 157 182
26 54 60
31 34 64 123 162 164 175
63 17
14 133 139
40 32 33 131 178
67 65 102 196
86 3 68 159 189 196
25 37 39 41
49 150 155
21 63
40 38 105 138 170
42 63 117
74 5
70 17 87 131 153
48 100 154 155
51 148 155
42 136
54 72 109
80 42 66 126 137 149 151 199
40 23 32 40 66
63 152
43 57 74 119 136 198
56 68 154 156
24 45 105 117 165
60 52 73 124 173
23 116
79 16 50 115 166
61 74 96 103 128 153
53 165
61 48
21 160 172 199
91 14 120
57 166
72 48 76 119
32 65 136
34 60 136
59 34 91 174 176
50 76 178
42 126 131
16 92
63 136
71 3 67 198
46 82
63 25 28 76 126
29 45
14 8 46 106 143
62 92
39 176
28 125 156 162
65 24
58 30 69 122
35 7 57 169
68 112 152
73 18 39
83 22 138
48 19
39 47 85 97 116 141 162 180
2 50
68 10 17 25 123 126 140
56 129 156
38 76
59 51
49 6 53 156 173 198
49 158
50 57
35 78 89 146
62 18
22 0 72 105 190
43 70
52 92
29 30 70 133 179
31 27 95 170
35 118
77 130
39 8 57
42 13 20 55
21 0 19 21 61 197
75 19 128 132 144 160
37 89
59 112 141
59 84
71 96
34 160
35 11 41
62 25 26 79 95 109
61 90 188
59 48
69 94 169
57 43 91 114 138
5 15 39 81 161 167
38 6 60 96 118 127 140 192
60 20 143 146
52 6 89 110
58 192
84 32 189
48 5 18 137 181
74 42 131 147
65 23 57 118 128
35 5 20 25 119 129 135 137 177
39 42 60 149
1 56 95 150
22 35 49 75 96 114 169
77 20 50 52 116
64 166
78 194
60 24 107 159
84 17 84 172 178 191
86 12 65 89 115
14 26 60 78 130
40 5 71 118 139
20 197
86 156
25 112 122 161 186 190
57 58 127 136
67 30 46 67 95 112 149 181 197
54 102 143
29 12 107 135 151 198
67 12 85
38 4 17 35 59 97 106
69 38
53 129
61 18
60 34 50 147
52 101 157
42 43
50 26 198
45 5
39 16 18
31 26 134
38 41 83 113 139
46 64 139
49 51 197
34 36 80 81 83 104
72 96 146
36 68 80 97 176
42 189
51 24 104 110
47 37 42 57 115 164
67 168
42 84
72 3 60
23 16 70 121 127
40 17 25 31 63 189
70 147
21 106
31 59 128
51 67 85
44 67
70 23 86 110 113 115 180
25 13 147
37 147
70 49 56 66 123
34 61
99 0 124 138 192
28 127
39 183
51 122
20 33 189
52 10 69 141 159 170 189
34 0 42 80 140
83 86 199
23 92
65 116 128 151 167 188
104 38 80
56 19
43 96 144
27 102 137
66 2 52 86
53 84
44 73 158 165 181 189
8 24 122 181
57 132
1 12 153 170 181
25 8 34 153 178
49 16 107 166 174 186 189
55 60 72 98 107 160
17 60 120 170 190
41 16
64 3 12 28 80 147 162
69 10 162 177 195
79 10 121
78 40 157
34 9
26 25 40 48 145 160 166
38 20
67 35 92 172
28 86 178 194 199
23 21 87 102 136 141 179 180
48 68 142
61 182
44 170
32 9 35 82 87 132 173
49 12 16 19 20 119 120 131
37 10 35 172
47 1 13 170 190
34 28 59 79 90 95
64 71
29 42 80 148 175
67 65 94 113 146
47 96 146
74 23 33 123
36 16 96 107
73 181 185
76 120 155
55 35 191
57 67
101 156
21 20 22 34 145 157
50 5 58
64 55 70 87 191
47 20 39 42 143 156
30 9 87 105
55 166 196
18 198
16 17 74
49 10 48
53 26 194
51 13
86 6 32
60 141 192
34 81
32 71
69 13 60
80 52 97 106 114 196
9 156 196
48 182
63 139 182
57 20 54 100 134 143
41 178
63 12 131 144
84 8 171
59 23 184
32 25 94 118 193
53 68
44 48 169
44 121
32 44 83 198
83 27 97 155 178
56 163
66 92 100
63 150 184
97 110 139
54 28 65 78 106 140 151
60 117 143 199
5 36 78 91 125 193
63 35 52
23 51 86 168 190
54 106 119
91 14
59 161
34 55 61 134 196
59 105 111 151
21 127
16 79 144
55 139
41 40 109 125
67 16 113
40 65 128 170
52 41 54 134
56 164
72 40 87 137 142
17 22 92 186
46 9 16 107 168
62 115
77 14 31 126
42 26 62 132 172
43 81 95 144 186 195
58 129 131 134
86 98
43 174
62 34 53 73 183
11 72 106 172
33 2 33 62 123 134
44 10 34 96 130 194
49 25 116 163 189
49 45 85 112 198
51 15 18 36 100 180 183
56 94 157 174 192 195
39 41 155 173
23 2 87 127 198
30 20 94 120 154 158
52 47 61
37 171
63 49 56 76 83 105 156 161
50 32 76 143 154 155
37 7 21 162
90 88
58 72 107
35 5 29 70 101 120
30 13 43 84 108
24 5 45 103
42 106
39 166
39 34 138 143
59 21 44 60 95
62 58 157 194
55 16 56 190
57 18
78 119
62 66 158
70 72
33 10 143 146
42 87
19 81 112 142
91 35 76 98 125 152
9 17
46 63 150 175
43 87 90
69 61 87 166
58 37 49 159 197
22 131
47 8 17 24
25 80
59 0 137
59 197
63 80
69 59 80 194
64 57 151 180
65 14 132
15 23 51 122 123
39 72 195
54 68 70 72 149 195
46 33 198
50 19 66 100 174
58 30 51 87
41 0 1 52 117 193
41 58 134
32 53
63 33
32 5 118 123
76 63 72
41 48 65 77
44 27 108 191
40 136 141 158
39 16 37 54 56 158
64 99
36 90 179
21 95
36 6 24 73 115 182 187
63 19 39 61 162 172 183
20 18 27 126 181 189
59 155
53 20 66 193
33 23 165
61 31 110
82 56 64 86
78 118 168
52 50 121
47 12 23 49 109 124 146
33 72 103 120
63 117 133
57 43 74 98 119
25 170 193
77 183
40 63 80
87 49 138
52 42 173
54 33
9 110 113
101 27 47 96 172
24 54 136
29 59 98 175
30 87 132 146 151 169 189
24 56 61 103 133 161 186
56 16 21 51
87 21 77 129 184
77 54 68 95 115
73 133 178 183
73 7 65 103 133 141 188
71 194
52 64 196
37 6 87
78 4 31 76 88 92 105 146
37 161 167
60 5 28 86 180
41 114
70 81
69 145
65 29 100 152 173 195
12 156
17 36 50 85 181
68 126 173
57 22 56 65
65 48 59 161
23 123 137
54 95
20 58 81 159 167
76 51 132
30 38 99 127
33 182
75 142
35 101 104 178
60 178
54 44 197
63 46 88
82 60
65 67 135 151 163 182 188
50 6
33 192
76 111
82 152
65 81 157
75 46 111 163 186
66 136
49 30 55 186
46 76 97 103 151
73 56 102 150 173
83 40 130 171
60 194
83 136 150 188
75 9 46 152
15 21 110 113 188 190
25 123 148
84 105 108 180 190
45 5 138
8 9 30 102
33 38
54 6 108 128 139 191
39 86
27 50 90 186
48 7 194
40 67 152
35 9 36 70
52 73
50 178
33 29 74 139
56 37
57 144 154 178 184
61 30
41 55
44 18 78 84 121
26 83 188
1 2 9 24 98 195
90 22 45 52
57 7 163 186
41 10 187
41 91 137
51 43 74 108
1 120 140 183
30 3 21 56 168 198
50 9 13 63 66 113 178
35 157 177
1 102 111
54 169 198
60 51 195
78 21 123 176
57 73 84 119 179
68 32 129
64 52 166
23 141 145
37 25
26 18 21 50 72 81 152
34 190
47 17 47 120 135 199
37 21 29
70 55 169
48 36 141
72 48 170
89 37 111
28 26 78
63 175
34 38 132
43 11 82 99 102 111 152 191
1 41 129 140
43 5 81
47 29 60 66 171 178
63 95 157 169 189
47 14 47 151
16 56 93 113 121 152
28 22 136
100 6 17 99 120
49 189
44 4 102 187
66 113 126 134
36 72 167
72 5 85 96 113
38 83
57 22 37 91 117 133 134 144
65 45
41 0 187
52 50 61 98 128
23 3 16 98
59 83
31 30 74 174
71 42 67 125
57 4 26 29 44 87 114 135 139 167
45 40 77 100
24 16
99 12
57 30 57
80 76 169
45 47 99
57 74 140
38 23 74 116
52 31
38 170 198
22 123 154 164
54 46 144
1 6 86
61 153
15 4
35 40 137 184
53 41 83
63 18
52 20 90
57 10 33 95 144 167 171
40 33 184
58 81 194
55 61
33 53 174 195
36 36 148
47 127
31 54 69 186
48 35
42 82 186
48 129 131 179 185
10 11 68 103
69 32 33 71
65 0 31 39 55 56 166
87 108 133
51 24 44 71 146 163 167
66 190
60 136 179 193
50 8 70 92 159 162 176
28 29 43 52 124
44 147 177
50 65 69 191
63 62 128
53 25
14 46 137 142 173 178
53 114 187
47 44
30 68 142 144 147 172 181 189
24 111
7 61 143 152 159 182
76 19 29 82 98 104 120
38 33 121 199
59 77 137 156 173 181 182 197
36 0 110 191
65 48
50 2 71 86 127 187
22 51 70 80 87 98
48 171
66 26 33 59 130
30 193
14 20 44 186
57 169
46 13 76 77 107 116 135
60 119
57 30 31 57 66 107 128 143 177
49 65 160
31 19 105 107
57 29
21 15 19 151 185
74 26
50 23 35 61 107
44 99 141 165
28 35
18 34 73
57 80 85 133
45 48
87 122 126
13 45 69 96
35 1 25 54 75 97 122 123 142 166
20 22
58 84 110 170
60 156 162
40 54 91 150
78 14 38 78 90 109
74 1 95 143
36 56 140
45 4 103
10 34 35 68 104 177 181
75 122
52 123 132
54 3 39 103
35 19 57 71 119
40 168 180
21 138
60 135 154 156
48 10 15 46 76 86 125
66 18 51 169 178
59 63 172
40 148 152
25 23 138
43 21 111
32 34 49 127 180 197
42 73
60 13 25 43 101 120 158
62 67 90 154 164
41 102 112 153 158
29 28
101 89 98 123 130
58 87
48 13 74
44 26
85 15 65 110
34 38 108 124
48 93
37 15 140
80 94
56 103 127
43 73
59 43 63
83 166
30 17 22 131 191
40 38
81 7 76
20 75 79 102 109
67 84
14 3 29 124
23 20 83 97 165 183
67 96 136
32 139
50 55 56 101 110
78 16 58 100
93 92 182
27 21 41 47 124 150
46 5 40 146 188
24 86
42 54 109 121 144 152
1 7 65 110
67 150
56 26 89
49 121
21 141
57 35 72 146 191
25 76 87 111 160
88 61 72 90 107
51 153 154 173
25 5 11 116 127 150
70 128
24 2 85 92
39 63
13 178
78 7 146 182
26 4 13 34 35
32 66 68 133 152 153 156 172 183
65 57 97 131 190
45 27 108 150 186
29 26 146
63 94
35 160
93 22 151
64 48 166 181
36 26 55
64 130 136
36 14 167 199
62 52 61 148 168
64 44 53 74 158 179 182
64 91 123 147 149
71 2 64 92 198
20 80 90 97 102
33 129 137 147 154 168 172
49 15 112
58 14 85
27 26
54 73 127 185
33 126
75 124
50 152 170
39 22 98 116
21 88
36 83
50 52
36 90
50 101 115 138
36 45 107 116 126 165
47 162
61 7
57 178
27 32 117
59 7
57 33 57 62
32 5 73 105 195
46 168 195
51 30 40 51 128 165 174 178
60 11 19 75 81 89 142
63 44 77 96
77 63
62 86 146
64 63 132
42 82
25 23 42 111 151 184 199
47 63 148
72 106 127 142
40 27 178
96 146
50 59 168
64 146 199
54 1 14 67 111
27 2 122 193
28 9 11 74 81 94
21 137
62 20 22 26 48 197
25 77
56 78
41 80
66 14 53 146
65 98 121 129 160
42 122
44 173
69 87 144
35 31 51 98 161
21 129 174 193
37 138 164 173
59 24 58 81
27 29 89 97 162
30 35 120
54 130
47 96
59 63
62 77 112 120
66 144
59 17 73 80 97
29 11 83 105 175
30 63 199
85 72 104 195
34 46 96 105 166 179
48 72 116 190
56 6 25
54 63 68 104 149
60 146
33 65
46 22 124
84 14
34 180
57 71 104 186
59 40 55 147
42 12 39 71
34 76
53 128 162 189
56 97
56 23 189
43 166 196 198
36 145
49 1 40 47 133
40 52 92 107
52 37 72 99
95 4 108
49 62
34 12 120 192
34 67
86 47 61 157 179 185
34 28 33 42 105 134 184
61 13 56
38 18 89
52 11 13 110 165 178
50 52 148 184
6 2 78 83
51 13
48 0 107 112 144 192 195
69 32 121
50 3
63 177
57 106
22 18 65
62 1 11 24
80 90 129
59 6 180 196
78 13
56 93 109
45 24 131 187
21 113
16 23 38 41 60 88 129 178
26 2 116 153
22 7 77 90 103
48 55 112 154
29 71 89
57 129 178
31 34 68 95 112
55 161
68 14 96 141 185
20 46 164
41 148
10 48 104
70 14 158 190
44 90 135 152 197
43 107 140
22 109
43 63
33 110 159
17 52 116 129 189
62 36 51
4 4 12 97 102 139
25 124 175
54 109
31 151 174
75 37 73 88 91 170 176
55 77 78
15 58 68
57 51 119 148 190
43 4 44 96 138
69 9 57 181
58 1 87 158
43 27
46 91 181
51 163 188
34 35 86 99 174
50 178
94 23 85 138 182 191
72 76 106 173
45 32 70 83 110 190
63 55 189
54 86 199
54 13 58 105 165
42 6 66 123 157 186 187
71 53
60 16 53 70 73 110 112 131 176 179
54 70 170
42 48 129
33 16 167
80 37 69
54 34
30 85 125 181
59 167
75 16 194
54 29 130
70 3 62 81 84 145 153 193
57 174
27 151
30 113 165
26 123 164 165 173
45 1 21 133
82 15 141
1 41 130
50 6 57 90
48 20 110 126 161
88 14 44
73 37 174
46 173
77 45
63 7 15 61 81
40 4 103 144
33 28 29 93 97
66 12 15 26 46 103 150 158
57 13 39 148 173
69 38 59 68 84 164
43 23 55 113
26 123 152 185
5 21 139 197
44 169
58 63
81 87
53 151
70 8
62 90 93
56 20
61 49
27 42
123 83 128
53 51 94
64 7 158
19 41
23 1 54
56 20 88 92 120 139 145
48 43 125 186
17 90
69 47 145
21 37 127 193
25 34 136
29 20 83 145 196
39 41 45 72 83 126 178
88 6 18 84 97 113 120 164 169 183 191
37 62 141 152 173
79 21 155 172 195
95 52 56 96 120 156
9 79
60 43 148 177
42 182
59 27 124 139 145 181
65 22 29 68 78 94 106 162 179 197
62 60 152 156
59 195
72 17 23 30 116
56 88 189
57 63 182
37 1 49 161 180 193 194
72 23 37 92 147 149 160
87 101 176
25 45 171
22 37 103
68 15 172
35 120 126
63 107 183
53 190
63 111 150 160 174
48 189
45 150
44 38 96
55 50
19 99 130
60 16 37 104 115 173 195
47 101 118 170
52 52 162
38 3 97
53 145
25 97 162
68 75
53 107
20 52 80 135 158
47 6 15 128 168 173 192
27 121
68 54 90 170
38 80
74 68 113 180
72 58 119 121 152 186
63 3 9 17 123 158 166
67 6 61 68
65 180
66 35 136 149 168 176
34 102 112 138 140 144
73 15
49 185
67 52 88 162
73 44 193
62 24 44 69 89 124 129 162 173
66 143
5 173
32 67
66 18 48 58 75 83
57 174
38 47
46 168 192 196 197
36 89 120
63 69 140 154
53 66 137 172
40 177
48 37
52 1
29 12 41 51 106 174
68 5 45 89
65 23 66 158
53 135 172
64 32 52 89
44 102 164
89 36 183
61 6 167
57 52 168
96 125
82 7 74
63 29 106
38 46 148 153
62 47 198
85 6
27 148
45 137
21 31
79 24 134 178
82 162
23 104 147 173 177
45 33 37 101 109 112 182
73 5 23 58
1 35 56 72 144
45 31
46 27 133 171 187
80 52
41 47 58 98 127 170 180 190
38 123
59 19 108 180
85 14 22 31 137 180
56 7 8 25 28 64 134 138
45 17 71 86
53 4 96
17 53
47 48 159
67 8 24 121 124 131
24 43 54 194
53 144
71 141 144 146
55 17 93 125 157
60 42 70 82 121 126 159 177 191
43 127
70 56 166
38 67 81
42 101
66 181
87 27
35 9 138
51 105
92 6 37 137
75 42 72 165
13 124 183 188 189
28 71 194
17 52 92 130 168
56 41 93
38 19 50 73 83 98 135 154
44 26 90
76 19 40 63 76
64 6 149 163 164
70 23
21 5 41 66 114 120 193 198
59 63 102 108 145 161
46 42
60 102 106
51 86 185
16 55 118
58 53 58 65 154 167 172 194
31 6 21 82 116 187
31 163
64 19 22 53 120 197
36 3 54 110 143 199
39 0 28 121 141 166 196
43 169 197
46 2 17 42 125 166 168 185 189
45 119
40 50 149 157
56 34 141 198
78 25 146
40 78 134
2 146
39 73
58 119 163 166 183
45 147 172
51 93 105 112
55 59 76 101 124 148
49 106 172
45 9 22 39 57 199
62 81
24 67 140
53 0 23 69 98 186 198
36 58 163 184
100 15
22 148
57 0 33 124 130 134 172 183 191
68 32 57 107 183
54 34 62 186 196
78 20 42 142 188
51 21 37 43 86 122 144 145 159
47 23 55 103 133 155 195
61 101 189
73 99
64 50
32 121 138 187
53 129
87 112 168
20 165
35 45 137 149
48 52 81 128 177 189
35 67
44 112 151
86 187
40 86 136
32 84 117 167 185
66 184
40 132 140 165
80 110 189
84 132
47 86 89 140
41 126
55 139
86 79
41 66 106 110 165
63 198
1 66 128 138 142 187
49 50 87 93
70 199
92 90 138 144 163
70 17 41 73 86 97
55 174
1 77 117 163
24 9 56 65 139 155
53 76 193
60 3 11 105 107 134 156 160
70 150
77 29
74 20 37
60 180
44 92 120
29 81 131
61 22 127 131 190
39 176
38 26 44
67 28 106 160
47 4 57 70 87 181
39 92 101 125
1 4 147
58 8 17 49 113 154
87 144
42 4 21 140 148
38 37 61 109
61 6 9 27 39 79
68 6 51 54 94 174 196
52 122 131
47 85 170 173 181
49 26 93 164
48 21 39 184
47 87 172
37 39 79 103 157
55 104
54 3 133
55 54 65 69 168 176
37 195
51 36 96 123 142
48 17 192
95 40 44 60 70
50 68
69 34
35 13 153 184
49 105 185
33 39 129
52 33 90 134 196
37 29 60 62 192
58 7 77 103 104 130
14 107 149 164 187 193
36 37
69 9
58 3
30 143 162
6 80 98
76 3 6 20 28 147 148 187
37 26 137
26 12
66 119 133 152
43 88 198
41 190
35 108 127 135
78 56 88 185
39 168
50 45 77 102 158 187
80 171
57 184
20 41 83 129 159
42 131 176
48 20 76 149 172
81 114 117 132 169 191
28 84
38 143
25 183
49 1 2 11 87
45 7 66
49 103 154 191
37 94 171 190
63 33
37 124 189
53 110 127
34 61
78 149 158
36 172
47 13 160
56 19 89 98
38 26 172
49 5 23 174
35 155
1 16 37 53 100 107 145 170
47 66 75 127 138 159
71 132
1 58
39 4
85 6 10 40 47 91 107 122
29 41
20 81
83 53 112
73 185
40 102 115 148 159
84 93 94 95 189
50 112 185
38 85
39 11 136
28 98
83 150
33 67
41 74 76 97 190
107 66 115 175
51 35 120
14 120
84 48 66 86 147
48 181
22 74 124 142 177
61 92 106 124 165 184
84 43 147
66 100 110 123
61 39 79 109
48 78
43 36 132
76 66 90
50 62 107 149 159 172
79 2 56
43 36
1 47
55 172
88 93 105 118 149 183
56 5 153
68 72 192
49 159
68 38 59 124
3 188
57 122
52 181
45 2
77 53 79 100 159 164
82 38
29 139 170 195
69 25 30 182
18 3 67 76 87 179
70 40
53 42 129 136 166 177
52 79 105 150 185
44 142
67 4 50 90 138 163 191
68 79
39 60 140
60 115
36 121
38 19
58 62 64 128 133
52 90 144
37 120 159
62 66
52 18 39 92 137 179
31 23 77 94 112
40 9 23 47 157
41 38 77
58 197
48 12 156
61 0 29 89 131
12 186
60 180 184 193
51 19 112
47 20 32 87 110 182 194
38 17 51 82 98 145
58 53
33 3 53 57 100 109 114 144
50 20 36 74 79 193
21 163 181
27 2 36 69 126 175
8 11 89 118 138 163
60 66
41 104 111
43 75 129 150
72 74
88 42 140 172
83 31 49 94
68 77
55 153
56 50 71 165
42 111 189
32 11 82 106 131 156
32 25
84 36 181
55 175
53 4 100 162
62 69 148 153 199
24 40
55 132 175
61 1 168
64 85 125
56 49 178
12 101 124 190
55 68 103 104 107 114 135
78 68 88 162
65 47 62 91 148
66 126
78 45 69 83 106 130 195
51 112 170 195
42 120 127 140 142 149 189 199
25 87 143 170
79 29
38 153 174
19 64
9 135 148 167
95 16 139
64 158
81 139 148 185
35 6 69 184
23 29 67 154
70 7
34 18 34 150
25 39 44 99
49 39 49 159 172
75 7 157 184
63 22 27 143 192
61 48 65 152
48 173
49 32 116 152
68 174
45 83 107 124 149 193 198
33 164
51 3 42 111 174
58 82 101
30 182
30 119 131 167 190
41 14 57 71
8 49 83 101 173
18 3 58 90 101 106
42 11 69 87 107 117
26 73
26 75 168
52 35 148 155 158
26 82 176
33 119 133 154 170 187
61 12 23 113 114 158
64 60 71 125
22 97 149 168 174
89 30 38 99
45 26 36 59
27 23 114
78 166
91 69 136
59 13 43 186
69 5 83
41 33 142 156 199
40 40 76 84 113 186
60 139
76 24 29 103 117 179
48 165 193
72 27 70 83
112 33 40 72 102 126 178
47 54
27 57
64 31 45 73
54 19 92 114 166
69 10 128 130 191
65 54 70 117 145 160 192
41 100 194
55 8 74 76 138 193
7 12 13
63 9 75 127 192
37 157 193
37 55 66
56 19 26
36 187
39 66
59 64 155
65 0 99 129
54 9 37 97
58 12 87 123 156 160 192
66 104 139
47 17
84 103 146
82 13 62
37 36 189
59 46 83 164
37 15 158
34 52 66 75 103
30 81 103
50 25 40 65 108 139 173
34 16 61 101
71 58 63 149 153 198
28 77 140 186 197
34 18 23 52 168
59 15 42 152 155
39 58 69
39 159
86 7 190
60 65 181 196
80 67
30 6 23 100 157
35 68
38 90 174
75 121 172
68 28 63
66 142
16 17 131 134 184
43 68
56 128 154
38 43 127 133
38 0 52 136 195
35 122 179
60 0 139
48 11 51 109
51 103 155 193
25 195
52 58 110 145
64 112
41 100 141 191
34 8
23 6 88 156 159
64 50 169
45 77
73 64 98
34 94 102
44 65 174
87 90
58 73
62 47
53 26 64 170
67 98 145 193
15 39 98 139
53 67 109 160
60 31
46 12 35 45 66 89 113 118 139 144 160 165 174 182
36 39 91
108 5 8 48 51 86 87 96 97 117 199
72 163
58 34 55 89 99 185
66 59 132
15 9 50
58 16 51 107 183
48 124
67 27 102 156
34 82 125 132 139 159 171 179
73 72
56 61
40 120
32 27
58 0 185
51 72 79 146 173
51 36 165 187
56 3 156
1 32 92 123
69 42
60 18 46 100 181
41 62 148 186 191
38 133
39 16
60 72 97 197
29 138 156
93 118
43 4 16 75 127
38 159 177
51 70 79 159 186
40 129
19 8 87 95 131
42 131
45 14
55 10 128 140 164
67 28 177
16 22 109 114 157
65 32 38 147 151
20 127 166
70 129 167
35 146
63 30
44 4
57 107
98 53 110 171 199
63 3
60 5 19 110 113
44 8 196
16 26 72 87 139
40 36 46 111 161
67 61 87 92 109 126
70 41 44 154
38 29 105 172
51 115
61 10 149 170 171 199
62 120 157 191
43 188
77 7 69 82 195
31 14 95 131
44 98
47 19 39 91
37 27 168
24 23 50
17 27
47 129
85 28 121 167
66 9 77 89
76 36
65 33 73 94
47 36 122
58 87 178 187
44 23 172
37 69
80 13 55
52 38
40 3 96 133 148
48 143 177
64 94 99 188 198
22 4 160 197
37 10 109 147 165
38 103 104 111
8 13 38 155
41 27 106 130 178
14 81 150 156 168
58 66 67 96
27 5 77 121 142
33 6 23 139
23 5 97
43 13 116 125 191
38 140
19 107
45 109
78 0 21 41 84 185 187
64 18 36 102 145
59 44 76 190
85 44 150
28 53 88 101
18 15 48 67 79 89 145 161 195
80 10 49 184
69 14 60 72 153 159
30 40 142 159 162 178 182
35 102
35 2 97 132
42 45 66
42 11 30 76 89 154 185
47 8 125
78 14 17 51 148 152 172
51 55
69 36 54 70 139 143
61 67 115
28 63 154 158 173 191
19 63
44 131
42 134
71 118 198
79 29 53 86 150
55 8 194
36 95
48 16 157 170 196
46 36 133 167
38 62 64 150 177
1 35 44 66 114
36 19 23 114 120 136 171
81 9 30 159
41 43 157 172
42 16 67 167
44 21 50
52 43 101
73 115 162
68 116
60 1 39 66 156
71 4
72 2 70 192
56 11 66
94 18
42 4 36 37 78
56 12 83 118 119
28 60 70 95 136 190
37 149
39 75 113 135
73 174
77 5 55 145 173 182
3 119 128 181
122 1 32 117 165
67 55 119
26 27 44
74 20 151
16 13 24 36 119
31 100
8 25
66 73 103
60 64 65 112 155
59 74 142
57 109 167 171
28 124 166 177
47 122 138 162 176 183 191
28 0 98 107 145
32 12 58 144 161 173 180
56 7 19 31 151
42 75 114 127 136 149 165
24 66
51 6 133
4 31 46 74 83 107 113 122 137
56 15 51 191
40 13 25 135
35 48 82 159
86 13 35 48 109 116
42 38 49 129 136
73 152
1 38 106 157
59 61 99 175 177
64 101 160
18 9 28 107
42 65 74
63 3 17 33 152 168
13 11 166
36 79 179
25 49 76 77 166
75 8
55 95 106 108
35 76 100 178
81 18 71 106 171
49 7 18 61 78 119 126 151
43 39 69 115 166
65 72 182
36 61 110 126
44 75 155
49 50 51 73 95 98
52 38 191
66 32 51 177 188 190
14 24 104
51 48 62 66
60 30 90 121 180
41 47 75 164 176
61 147
36 15 111
64 17 30 65 108 174 178
68 34
37 6 89
45 9 124 156
28 140 166
38 66 149
47 73 119
66 54 138 170
58 34 75
19 124 136 137 149
35 4
65 1
77 15 126
51 36 194
27 69 73 102 185
41 53 168
72 15 85
44 14 82 104
44 23 83 86 112
67 3 56 82 103 143
55 78 93 94 119 139 142 162
66 19 83 84 112
64 29 133 136 143
56 58 102 109
60 32
50 69 84 124
62 20 159
64 44 57 71 178 179
12 50
87 120 142 143 157 164
34 53 69 99 158
97 9 18 20 39 112
57 75 95 125 141 188
18 21 102 137 196
11 53
10 90 138
38 24 152 164
58 25 193 198
53 12 64 91 197
70 58
27 15 34 62 83 84 96 124 135 183 188
46 77 109
47 98
38 5 41 70 89 170
47 30 104 111 131
68 91 125
65 41 167
32 32 68 70 199
74 19 64 108 129
33 77
53 119 136
21 73
67 47 152 153
41 151 178
61 19 49 50 167
82 23 64
39 5 155
45 72
59 26
40 23 70 81 151
29 63 66 88 94 109 139 142
43 182
40 118
71 1 17 128
70 3 49 56 74 187
59 50 59
22 13 125 178
57 2 40 176
58 8 13 17 20 55 136
38 160
38 42 55 81
60 84 91
55 12 48 117 192
42 86 149 155
76 54 95 174
63 2 28 85 145
56 115
56 2 60 103 143 171
47 65 158
41 68 83 175
63 44 108 165
36 130
59 54 58 103
28 120 124 141
58 72 127
37 35 107 159
