400 2000 18747
64 180 224 239 245 273
46 172 217 269
79 40 63 188 229 345
21 149 167 241
44 386
23 64 82 376 380 393
26 172
77 371
30 361
74 140 187
48 146
58 113
31 34 193 350
96 84 117 124 209 222 246 264 271
68 71 81 100 132 338 397
28 22 204 246 304
60 59 132 242
62 311
60 117 135 231 309
47 66 343
27 332
46 194
64 63 65 69 239 285 326
28 10 50 111
80 33 122 357
78 92 311 373
61 210
65 8 153 192 359
57 10 146 208
40 129 364
14 282
72 22 70 72 104 144 320 350 373
54 291
48 86 203 304 338
69 220
23 15 231 331
10 28 282
85 142
33 7 207
22 239 269
51 197 234
58 61 326 344
47 141 283 314
31 251 302 303 361 395
61 48 368
57 147 240 353
49 197 206
27 223 227
9 212 324
45 276 348 377
93 59 143 152 327 360
40 119
34 10 64 276
65 142 193
10 14 114 213
24 390
71 2
70 34 183 239 268
73 56
23 184 361
54 91
47 359
52 303 355
38 137 142 226 397
28 55
22 151 160 344
40 240 294 394
55 46 343
51 186 360
78 138 375
53 5 158 186
56 132 142
40 71 112 165 305
43 84
65 40 46 114 134 157 259
38 90 161 292
66 191 208 296 368
41 8 278 335
76 33 189 242 339
29 62 104
78 83 139 214 393
54 312
43 7 50 193 292 307 387
48 310
27 295 363
40 58 104 212 285 329 359 392
55 292
33 139 248 289
45 202 259 277 340 361
72 139 238 265 396
16 110 239
80 257
51 27 171 240
37 126 234 260 328
44 151 209 331
44 33 236 256
82 120 168 306 355
29 53 242 391
55 109 154 296
31 132 160
57 162 210 278 337
63 357
46 118 127 142 266 304 313
24 62
68 22 74 110 311
77 189 251
33 65 154
57 158 194
86 62 80
57 76
25 16 139 278 356
88 21 234
53 278
74 334
43 40 48 151 160 230 270 322
57 22 71
44 382
81 135 214 367
37 272 364
60 82
36 34 191 297
1 142
60 86 264 359
57 172 242 312
82 74 200 279 325
42 86 318 399
82 81 141 245
52 280 354
18 208
42 177 226
60 16 368
60 25 210
47 83 172 189 247
56 310
70 277 327
54 180
75 261 285
53 75 143
73 188 208 233 315
42 50
4 336
24 47 140 327
49 70 77 198 317
70 78 120 213
65 20 279 307 332 371 395
9 4 56 69 145 275 302
72 65 137 163 287
9 62 261 369 382
37 18 193 249 274 280 317 334 389
84 137 329
57 151 270
9 229
63 108 219 242 357
55 213 302 330 389
38 73 75 162
65 70 130 209 214
49 285 309
65 103 213
68 309
61 280 298 386
72 81 120 262 313 319
74 17 57 88 126 350
21 258 259
68 284 329 333
54 2 335 381
34 21 326
51 178 216
74 186 272
91 220
43 376
55 194
50 290
49 94 132 296
25 189 254
58 223 256
20 136 376
37 113 264 289 383
43 5 87 91 125
68 56 170 253
57 84 291 397
68 2 220 231
88 35 83
60 47 318 396
56 264
27 262
6 158
38 88 92 268
78 110 131 282 288 305 361
42 313
42 89 114 144 160 284
59 108
52 168 179 235 356
52 174 208 210 223 257
37 229 321
22 95 136 169
27 71 164
41 21 56 124 200 384
51 31 78
45 76 94
61 30 100
28 137 315
57 29 278
32 165 214 266 359
46 27 168 179 372
32 4 31 102 285
28 198 388
52 49 65 83 93 154 159 396
19 111 133 169
48 5 171 254 374
79 124 190
55 30 66 86 362
56 69 79
1 18 54 99 140
51 194 227 328
36 35 104 217 301 322 362
28 89 113 145 160 163 170 176 221 247 269 388
32 86
70 35 207 226
35 83 172 249 259 364
44 23 98 189 190
16 53
48 121
15 157 193 230 260
38 74 152 237 369
64 53 92
67 319
54 5 286 345 387
23 29 85 94
76 144
105 160 274
35 51 192 368
54 242
28 81 92 162 254
53 22 40 47 176 383
22 110 289 352
46 201 211
42 26 96 170 182 272 373
66 44
1 303
28 107 212 266
67 5 227 282 387 388
55 37 108 291 375
42 16 371 392
35 47 52 126 200 236 312
43 379
68 227 333 361
27 195 236
41 247 325
42 4 19 79 187 255 307
38 198 219 355
46 36 159
1 304
76 0 117 272 279
72 228
69 167
65 4 141
44 69 100 265
37 8 30 266
50 116 172 303
66 36 47
64 18 89 93 115 347
69 121 243
67 234
45 11
47 137
59 205 238 272 359
54 21 94 138 184 258 378 380 394
67 20 222
28 27 197 319 347 360
36 25 227 322
51 204 211
11 159 168
43 15 42 210 320 396
59 49 64 204 363
52 56 221
78 121
55 4 32 391
9 109 168 196 247 342 396
61 46 99
38 82 180 252 339 386
37 284
57 59 128
48 110 117
23 167 178 276
18 337
53 47 111 122
83 39 47 123 153
25 61 71 128 362
16 31 384
53 64 94 163 165 283 323
30 309
15 142 157
52 2 186 284
51 15 342
51 388
37 352
77 212
56 31 36 83 219
1 173 177 339 365
41 230 281
35 261
34 126 159 270
50 36 218 230 326
73 267 362 363
50 108
81 177 247
48 30 62 239
52 252
41 326 365
65 39 207
38 50
29 17 374
55 27 97 117 182
43 63 140 293 294 302 314
52 21 57 67 76 392
49 20 182
56 53
44 71 179 336
39 308
52 254
23 126
54 110 142 196 252 380
48 95 128 175 295 314 342
80 348
21 1 85
67 264
55 388
8 30 109 249 262
71 66 98 254
76 38 128 153 239 309
47 372
50 98
47 19 63 227 248 308
39 200 221 237
30 70
66 129 233 331
28 236 245
65 99 111 114 185 186 194 261 382
42 61 304 334
72 17 73 153 163 220 314
27 74 257 333
50 34 66
43 2 285 307
37 20 27 105 266
58 55 88 101 150 275 361
59 16 26 27 188 215
28 226
84 18 42 280 379
37 399
54 199 265 355
60 200 203 260
44 2 52 108
63 144 258 264 286 302 323 377
36 304
66 183
27 94 210 235 253
54 16 327
38 300
51 252 287
20 74 78 103 109 191 241 268
64 35 49 137 252
57 211 276
54 191 364 380
78 85 186
56 89 153
46 56 64
26 91 148 163 294 364
56 93 149 270
25 132 197 352
57 46 337
53 366
56 15 102
57 285 334 345
23 353
42 123 127 277 349
62 204
79 257
33 49 93 249 320
71 388
59 226
34 49 54 187 190
37 326
11 64
25 205
11 359 364
43 25 53 156
46 47 287
88 24
52 0 66 83
58 28 60 310
53 5 10 14 85 111 187
64 102 161 346
58 348
67 164 174 303 356
52 28 141 148 219 294 364
43 308 324
48 114 176 179
49 212
30 206 246 279 282
46 136 361
67 97 152
33 17 34 86 202 273 307
66 213
44 76 110
34 3 166 192 355 357 381 394
59 248
1 86
38 173 211
26 1 25 49 111
74 269 360
45 0 103 121 235
7 47 195 196 230
51 15 49 193 274 308 346
70 161 274
25 57 185 253 321
41 47 100 130 135 169 272 386
66 224 304 308
39 1 120 390
31 49 60 314 334 359
38 265
13 57 82 305 345
62 20 85 97 207 223 310
50 176
42 16 103 284 392
80 18 56 242
62 105 215 228 324
37 274
89 344 399
2 109 251 382
36 35 132
59 223
51 58 238 323 372 378
56 44 287
64 55 116 145 166 217 237
55 7 8 169 176 200
29 2 3 55 118 206 295
17 105 281 336
34 82 262
61 22 123
27 24 132 179 217 363
53 140 151 159 307 347
64 275
51 235 349
73 43
62 85 194 215
70 21 70 221 240 292
50 212
24 45 88 90 91 319 368
29 68 312
56 195
56 121 295
21 132 249
68 53 58
59 364
35 185
35 8 93 384
69 90 154 163 182 366
72 23 30 99 154 185
38 31 177
51 207 233 375
30 225 285
64 54 275 281 346
49 25 84 267
64 87 95
67 48
55 64 185 220 251 295 362
30 39 60
47 48 179 275 277 394
36 35 354
23 193
46 160 180 186 275
80 208
50 120 354
28 167 394
66 57 280
57 274 288 361
55 28 250
71 51 158
72 206
90 29 74 99 162 182
38 8 29 140
57 72 142 188 295
80 41 378
49 106 207
80 234 315 327 346
57 291
55 4
47 35 366 386
59 135
39 66 391
47 65 209 347
54 246
37 155 289 356
46 241
3 117
30 231 246 341
66 260
69 270
52 274 365
46 90 178
52 10 324
47 13 26 187 280 329 349
58 98 206 224 264 276 368
81 44 104 189
1 70 180
36 31 64 300 392
94 359
39 196 243
46 36 181 214
65 185
41 64 242 261 377
51 202 217
15 24 196 370
71 220 297 324
94 19 95 113 126
34 161 294
57 144 300 361
52 40 264
67 208 333
35 65 170 240 388
67 354
17 18 69 83 126 290
74 244 256 290 328 335
78 57 270
54 276
52 290
47 371
40 82
72 362
59 204
39 149 164 218 258 262
21 210
28 198 329 346
62 95 106 120 350 355
42 38 270
63 154 383
49 62 159 399
40 166 288
41 65 126 201 354
23 67 160 240
68 368
27 224
77 49 142
62 134 284
57 117
56 25
34 14 78 124 129 253 266 307 395
17 12 13 80 104 138 140 200 214 345
52 82
78 99 181 347 372
66 142 240 272 313
21 153 339
48 39 203 231 350
67 65
44 53 81 237 380
38 39 333
41 206
32 172
65 311 353
65 57 79 96 306
23 64 250
41 158
49 41 248 393
70 73 74 111 186 231 242 351
89 363
45 65
34 268
86 44
53 72 213 220 248 281 354 387
25 152 204 358
52 12 88 180
42 54
55 22 25 144 188 194 208
15 75 222 393
6 75 230 292 297 348
37 19 205 224 273 366 395
58 6 190
46 145
33 110 113 141 190 248 320 330 353 387
55 16 65 144 239
31 283
32 16 356
60 112 190
49 10 302 346
53 170
69 11
40 5
29 49 94 202
47 48 141 309 336
27 119 305
57 30 178 217 224 301 324 376 394
38 2 238
72 27 172 344
54 394
43 42 120
50 67 69 252 291
54 118 145 249 251 336
51 120 130 291 381
18 14 24 79 103 227 382
21 81 226
50 30 191 301
44 182 312 327
46 86 241 252
37 154
54 2 43 79 88 141 220 224 231 303 322
68 280 283 347
72 57 247 307
75 32 105 166 168 197 296
59 42 93 173
69 52 165 301
59 8 43 221
59 111 175 266 293
76 36 85 120 197 296 298 335
52 128
58 322
31 281
62 251
52 333 353 378
42 80 140 268 388
34 0 48 134 284 358 368
70 203 398
57 7 313 329 333 380
61 35 88 151 195 210 301
44 382
62 104
74 85 369
32 302 353
43 16 291 392
43 62 260 323
23 10 373
50 64 142 155
57 147
86 48 150 222 333
26 336
24 320 385
34 52 79 202 275 381 384
17 138 292 334
56 36 49 112 128 337 378
62 26 321 393
57 0 114 277 389
59 206
63 93 334
60 283
86 336 370
49 15 108 362 363
36 103 114 161 268
8 337
40 108 218 246 335
51 29 184
44 140
51 191 340
88 342 355 358
65 84
42 227 279
51 14
29 18 231 358 369
73 136 399
24 3 199 273 314 374
57 231 346 381
45 119 130 176 206 308
44 250
80 389
41 70 108 132 266 300 393
35 284
41 100 120 195 258 271
52 121 271 277 372
38 30 325
80 44 224
53 230 294
52 42 186 348 394
2 52 95 226 229
46 164 181
61 120 164
31 323
25 11 26 98 193 225 342
22 50 251 257 303 331
37 258 319 347
32 313 330
33 158 266
49 48 57 75 85 119 363 372
57 112
51 72 85 168 172 230
45 263 347
50 3 64 179 196 383
46 201 273
41 87 117 198
37 291
25 38 95 397
49 68 195 214
74 179 324
48 21 233 321
62 30 235 293
25 218 278 299
37 46 320 321
20 33 276 384 389
54 13 374
35 43 235 377 381
45 333
82 79 172 295
61 79 128
37 105 161 240
20 216
65 71
38 183 191 208 297 318
44 0 240 244 320
97 22
73 93 120 145 167 177 214 330 339 397
70 172 187 217
54 250
74 33 65 244 318 333
64 5 101 270
73 13 148 232
36 23 139 344 394
33 329
33 29 140
31 71
53 11 259 324 350
82 30 73 129 387
23 8
35 20 119 194
82 181
54 175 209 396
57 351
54 386
46 69 231
65 22 355
73 39 68 152 286 351
62 139 224 249 367
66 335
19 16 28 169 212 351
60 363
19 383
51 52 77 147 230 290 301 345
57 0 85 192 227
51 25 31 352 381
84 24 318
46 108 155
62 23 82 178 278
53 60 141 172 191 220 387
18 221 351 373 381
41 137 346
86 37 38 61 86
55 149 173
49 173 194 300
48 21 67 132 171 198 300
47 82 86 198 371
15 68 268
65 254 346
42 96 259
66 53 67 105 246
69 159 266 271 392
52 32 214 264 267 294 378 395
69 202 259
34 48 54
62 50 216 229 384
70 19 94 186 219
62 320 393
46 49 124 195
75 104 229 307 315 385
72 58
55 211
44 225 245
41 59 187 225 280 285
58 65 71 101 109 250 328
54 241 382
66 42 61 114
72 166 226
46 170
61 31 242
50 38 141
6 182 329
53 10 303 367
59 13 54 268
75 9 95
74 170 278 377
49 95 136 218
74 49 149 175 261
43 266 335
78 221
79 271
78 252
64 164 180 276 330
48 351
35 123 306
46 59 84 205
94 22 24 76 235 348
80 224
25 23 123 360
29 244
47 176 206 306
50 319
62 24
79 56 366
66 34 103 202 222 277
59 132 205 335
62 236 242
53 131 216 377
61 31
51 85 123
32 375
44 109 165 241 281
44 237 379
26 228
107 81
28 89 155 247 261 321 369
18 121 357
78 335
61 250
74 30 119 130 212 281 337 396
57 239 309
17 126
43 272
72 217
49 217
47 168 359 395 399
49 77 145
61 169 181 333
59 36 68 169
2 146 262
76 233 293
38 49 143 318
50 281
57 9 279 308
55 346
75 2 56 73
53 177
75 128 139
55 61 134 345
60 137 188 284 317
57 9 136 236
35 100 299 310
31 143 390
55 110 394
33 146 219
66 219 302 384
30 125 180 273 281 354 355
55 85 265 268 352
80 159 212 294
17 168
51 199 359
69 23 289 343
46 17 280
59 4 23 244
43 54 57 126 381
69 68 70 231 269 295 302
95 21 79 141 149 196
33 342
49 203
54 101
51 79 189
58 19 68 396
46 69 229 293 384
27 181 255
62 43 271
30 116 350 384 386
79 51 107 348 378
48 240 304 320 336
31 48
20 153
17 185 244 296 298
8 75 170 196 226
101 246 355
61 18 386
48 298
26 51 336
36 112 211
23 194 278 396
54 14 191 210 231
51 71 93 255
32 169 373 392
67 103 106 120 389
20 15 134
77 211
43 361
64 36 52 63 315
67 53 272
51 188 273 311
43 222 275
39 31 70 219
96 116 369
58 23 109 223 380
74 169 212 247
45 164
64 242 378
55 315 372
66 168 249 271 330 345 360
16 182 200 303
40 37 106 224 329
71 57 235 310
81 151 190 342
11 366
14 135 155 399
44 161 229 264 287
53 35 148 398
46 188
19 22 38 85 117
26 202
50 20 32 56 258
36 199 201 331
25 36 58
36 5 106 313
92 11 75 140 279
61 36 379
58 264 312
41 2 297 308
45 68 323
80 1 318 326 367
40 36 332
70 68 186
38 153
36 237 286
69 192
69 16 23 24 295
67 13 78
57 37 245 275 384
41 39 88 308
9 20 178 224 226
56 34 103 149 175 298
48 161 253 255 314
52 247 281
29 8 59 90 104 118 217 255 295 334
53 101 371
68 20 69 118 331 339 388 399
63 5 244 392 397
34 293
37 21 117 393
47 41 70 139 154 357
48 99 264 272 345 346
60 226 284 318
61 133 241
41 247 299 304
57 254
57 1 65 89 272
45 226 239
77 3 196 258
72 19 91 228 244 294 331 332 373 391
24 1 111
62 43 142 165 265 280 334
90 214
50 284
50 90 91 101 184 360
67 208 322
44 83 226
65 166 279 312
71 100 188 216 343
60 50 134 246 375
83 25 97 216 323
77 123
8 25 57 329
34 109 179 214 240 314
65 148 227
68 220 304 340
65 210
15 95
74 158
37 144 220
30 37 68 185
73 107 214
72 275
29 53 138 145 249
63 229 362 370
39 153
28 244
72 104 289 338
54 25 173 288 325
48 82 222 320
46 200 319 376
37 9 49 73 104
72 7 72
47 97 133 293 328
48 79 192 284
84 7 337
53 384
21 39 298
66 116 158 267 373 377
34 52 325 332 355
64 45 174 292
81 14 36 205 314
9 51 107 258
55 373
17 236 294
23 50 116 172 269 372
40 120 258 352 354
66 59 170
64 14 27 56 162 164 171 251
50 49 63 81 126 386
51 274
46 222
27 35 126 223 285 329
37 209
41 337 363 380 384 398
55 2 40 74
53 57 283 381
34 140
68 61 104 218 234 277
23 127 241 250 273 302 316
51 60 67 198 224 227 242 318 381
40 30 139 190
46 83 204 272 391
61 308 311 352
11 12 74 85 102
66 135 353
62 34 64 101
58 135 389
29 228 285 384
46 287
49 76
20 203 263
67 205 237 363 397
43 307
58 110 129 143 277
30 193 296 361
70 118 131
7 345 362
52 25 214 285 332
9 7 32 47
39 44 130 219 314
61 39 216 374
51 32 92 141 179 319 368 397
28 205 354
74 102 239 316
50 157 225 228 278
73 153 310 335 369
48 254
54 71 87 140 266 389
29 147 277 385
33 260 346
33 8 202 336 396
31 1 76 112 161 293 371 391
10 129
69 259
64 73 122 348
9 97 161
51 59 63 155
55 71 73 110 230 287
40 129 195 198 312 359
97 244 348 367
45 91 109 282
71 8 35 41 65 85 258 335
48 77 258
57 55 323 330
54 2 153 281
98 238
77 220
44 343
36 352
39 42 163
89 61 157
47 16 35 286
50 6 103 197
66 25 63 227
48 23
70 261
69 196 339 355 378 384
49 2 63 87 336 366
26 20 75 121 130
45 76 112 384
32 36 207 233 339
46 12 98 345
44 48 247 306
33 105 263 390
35 116 125 185 229 377 379
39 134 218
67 387
22 142 193
74 308
54 321
30 62 119 266 338
43 14 154
39 28 112 116 204 212 216
81 136 294
36 183 386
46 248
31 2 55 171 299 399
30 57 124 141 171 251 261 273
57 77 85 107 143 319 397
12 20 32
68 266
57 71 323 390
84 23 30 108 271 338
43 50 51 84
24 224
62 170 355
50 332
30 25 51 143 310
59 361
34 6 43 295 371
33 134 136 251 359 369
31 343
54 19 178 199 253
63 95 176
34 264
90 119 246 282
35 163
16 46 303 373
81 109 128 130 136 237 283 345
42 70 149 202
67 309
56 354
40 22 38
62 150 295 376
35 32 142 224 290 376
83 260
8 77 193 332
10 116 249 294 307 396
56 323
91 280
40 133 184 271 343
64 42 296 382
28 56
51 200 240 252 290 354
50 190 312
43 195 273 275 286
50 65 196 214
67 225 287 294 306 337
36 28 223 237
33 234 387
27 248
66 39 121 304 329
49 215 226
29 143
86 116 367
47 274
45 94
29 12 52 77 112 314
62 51 56 290
53 109 161 308 347
59 94 229
54 372
44 92 122 224
63 278 335
48 49 89 123 295 359
31 143 279
20 11 37 102 104 163
25 372
65 243 399
56 107 196
4 74 93 102 320
58 8 38 240
65 1 232 253 349 350
88 0 73 299
79 86 88 221 272 276 288 340
9 135 194 200 206 282
82 191
28 99 342 394
56 38 69 220
26 39 75 140 235 291
57 102 141 145 159 285 394
58 251 368
39 18 139 256 361
94 8 76 134 141 246
56 135 269 359
48 204 221 282
43 31 214 219 279 309
73 15 131 134 237 396
42 7 83 163
62 222 239 295 320
94 66 141 203
49 152 181 259 298 326 338
50 202 219 346
76 6 256
37 97 302
40 268 280 289 371
40 201
9 201 390
56 121 227 245
56 323
67 319 383
82 232 306
78 44 75 122 280 357 361 380
21 223 318
59 144 249 299 315
51 88 148 268 347
75 249
62 208
61 389
65 71 259 363
56 174 215 228
52 78 248 345
54 129
51 122 164 381 386
14 20 145
62 185 296
81 4 148 237 250 337
82 376 378
46 179 343
50 291
94 2 38 142 168
53 226
57 92
65 32
16 36 187 274 385
58 265 342
67 104 107 261 328 377 387
57 16 92 286
19 34 85 171 233 389 398
45 57 136 186 266 288
32 27 257
59 19 115 120 181 200 291
37 29 63
14 225 304
39 60 322 352
85 15 173 340
55 9 80 365
81 155 196 377
74 50 223 359 374 389
1 92 116 209
45 158
37 392
77 282
52 176 311 390
49 23 53 227 253 332
43 61 314 343
43 200
55 16 79 334 345
32 201 232 331
39 6 26 72 163 206
44 12 51 67 84 234 240
70 73 107 121 160
63 26 365
59 120 178 184 275 370
79 234
40 147
56 47 127 242
21 1 155 162 251 256 264 269 316 393
27 31 225 397
50 124 262 370
67 16 197 271
40 216 219 223 287
74 27 188 345
36 46
23 84 90 213 223 359 369 394
27 334
43 109 250 258 345
58 49 79 181
36 68 244 298
60 154 210 313 321
54 97 261 345
30 106
40 6 21 58 144 203 258 386
37 54 78 192 220 304 314
37 287
55 55 166 298
42 175
52 75
31 174
57 29 67 97 263
52 73
34 39 229 249
40 5 115
55 56 255 258 278 369
44 39 235
43 329
49 168 276
40 124 182 279 280
44 162 195 259
37 355
30 353
58 153 253
59 327 328
86 78 81 197
36 245
42 4 255
60 164
55 72 148 169
54 65
58 40
62 26 191
22 193 243
44 16 60 353
70 71
73 38 279
80 236
1 9 31 268
50 30 44 257
28 38 42 126 238 245 248
46 152
63 319
45 56 57 235 262
48 193
43 15 259
63 161
67 82 133 151 185 341
42 241
20 33 66 123 157 280 308
76 110 305 351 378
103 30 72 196 330
35 78 114 348
55 120 140 217 341 390
44 150 162
11 1 139 326
47 191
50 193 337
56 63
63 111 274 294 314 368
54 79 98 123 159 333
71 119 136 226
59 228
27 3 4 57
30 234
42 124
84 33 106 137 143 309 383
44 111 226 250 275 350 382
32 71 269
110 245
57 344 385
69 6
50 245
78 90 297 298 345 347
31 7 58 97 152 248
56 116 159 184 208 219 249 312 316
66 19 293
42 37 388
34 18
63 68 125
66 112
57 236 346
40 21 47 93
44 23 229
62 164 178 242 365 389
41 41 54 202 207
35 9 266
50 42 71 92
34 395
19 80 108 112 245 323 327 349
54 57 120
31 78
28 89 103 300 325 394
51 219 361 380
35 264
34 38 105 178
12 148 321
63 44 166
21 44 108 350
27 281
70 306
68 48 68 298
66 46 90 95 231 351 379
70 95 238 359
58 257 348
27 16 41 212 233 291
37 293
13 277
65 90 164
36 12 28 209
28 34
61 234
58 29
76 235 281 328
37 248 368
48 365
39 88 286
23 247 305 313 317
13 224 340 358
56 62
70 113 311 352
50 142
46 207
44 141 154 196 332 334 337
41 55 220 222 352
54 368
31 57 109 374
64 135 156
45 170
1 295
62 184
80 56 126
35 63 319
40 129
40 107 144 174 242 271
64 336
83 28 33 322 359
75 37 66 107 248
58 82 130 148 382
36 261 275 331
69 189 290
45 222
25 27 217 324 330
32 355
67 331 361
30 15 42 63 143
42 32 53 175
58 341 376
43 366
10 90 123 125 264 265 320 334 374
78 342
30 352
56 75 103 263
38 389
49 146
55 23 181 286 393
6 328
76 263 282 383 391
93 8
63 147 322
17 26 105 239 304 362 389
56 238 309
58 237 271 275
1 141 170
56 9 231
58 56
42 31 54 132 190
35 153 385
3 54
42 88 202
22 202 212 245 392
59 12 128 254
75 26 77 159 221 295
92 124 262
60 190 264
34 73 147 243
64 115 270
29 272 337
88 93 372
46 71 129
41 126 190 207 320 330 388
28 61 76 115
36 8 69
54 193
43 63 185
41 69 114
74 85 86 94
58 49 56 343
61 284
65 51 385
42 93 126 172 373
29 138 278
89 59 106
11 7 93
25 111 134
37 170 289
35 64 73 100 186 190 210
53 42
32 43 183 212
75 77 270 293
53 32 271 280 323 346
70 24 53 73
48 7 147 325
80 129
70 80
51 52 325
76 24 71 72 81 235
65 112 241 288 310 376
28 370
71 108 245 269 303 305
59 135 252
53 286
24 164 190 264 371
39 192
65 327
58 248 387
48 127
41 171 221 398
55 19 21 95 341
87 55 217 295 377
26 129 245 355
34 37 187 203
59 38 81 176 178
57 69 267
39 146 228 258 281
70 107 109 229 319
56 27 343
33 56 165 167 211
27 148
33 50 97 228 257 315
72 66 81 99 162 243 263
46 267
46 66 397
65 5
43 165 185 242 382
44 73 106 112 263 286
59 83 160 195 200 246 395
52 123 214
55 59 61 136 259 309 346
20 79
38 26
57 44 87
20 8 50 219 221 273
45 7
38 134
61 28 136 184
49 20 187 198
46 54 68 88 260 304 322 393
49 139 166 221
22 64 148 178
55 31 193 362
65 58 117 144 225
48 103
53 33 45 46 313
71 91 133 154 252
23 16 49 326
53 199
52 76 260
33 70 124 310 327 343
46 300 344
42 60 119 148 167 201 297 308
38 151 282
49 139 369
64 327
27 149 193 274 313
34 10 195 212 336
45 211 398
40 82
13 74
66 94 155 232 371
51 16
79 206
45 379
48 126 381
40 149 163 317
50 14 26 30 104 151 237 254
83 116 349
28 122 195
77 36 62 74
54 44 96 109 196
11 350
83 32 79 128 261 371 395
64 87 138 147 152 190 191 362
71 348
47 30 133 189 355
59 60 85 148 152 178 278 318
84 183 188 214 225 232 271 309 354
41 174
36 119 201
88 227 387
31 46 104 158
35 389
62 98
43 297 320 394
52 31 97 315
68 112 351
49 35 158 302
78 34 111 158
17 78 128 331
93 391
58 121 124 127 283
75 187 294
59 32 68 367
6 29 97 305
10 36 225
54 22 177 258
35 45 86 97 349 390
44 15 144 174 178
89 13 215 325
25 363
46 159 226 363
60 148 213 337
54 87 239
38 53 63 148
33 20 92 229 322
63 88 191
52 121 183
43 246
78 97 136 259
24 177 224 300 325
32 75 348
57 24 26 250
74 290 306
79 11 171 372
51 96 160 170 287
48 337
76 120 145
57 105 204 208 388
1 88 111 266
109 133
27 21 296
15 132
61 54 140 177 188 336
83 154
55 61 204
74 258
51 164
46 283 389
33 54 148 225 307
62 50 58 389
57 301 316 326
60 117 160 303
44 126 358
47 29 60 272 321 373
51 119 149 217
57 71 74 114 283
82 117
48 175 228 300
18 93 218
13 112 190 251 369
27 4 21 319 323
34 78 182
10 37 210 322
55 153 319
66 228
38 56
58 253
46 113 351
73 96 250
58 285
57 124 332
86 102 145 172 191 325
16 215
67 383
76 0 52 61 356
55 212
61 301
48 134 364
38 115 300
58 142
40 36 64 156
48 20 60 318 391
30 49
91 99 162 374
70 144 399
36 9 10
45 9
75 135 278
31 56 161
24 62 353
48 102 147
50 321 348
18 20 50 110 257 324 374
31 174 218 277
37 2 47 144 248
25 19 50 179
47 196
28 272 334
33 22 175 375
55 17 31
61 198
77 34 144 226
55 81 206 222 241 277 310
78 185 379
53 255 300 367
40 295
47 25 363 382
40 240
37 241 284 306 307
79 25 112 134 302
40 369
62 68 399
50 110
42 69 173 178
74 42 54 284 289 384
71 376
34 150 240 326
39 0 349
38 60 253 372
72 41 87 250 287 334 351
64 377
50 41 132 175 387
57 118
36 101 210 253 301 324 364
50 0 16 142
25 23 331 397
39 274 385
47 183 270 396
53 112 311 392
39 8 145
1 210
25 1 56
59 253 298
43 32 175 202 335 367 393
54 158
75 173
57 131 385
39 73 295 398
56 5 128 294 343
23 218 364
49 84 208 252 302
27 58 171
52 1 24 34 226
95 102
32 270
37 100
66 20 365
62 21 140
101 96 133 136 161 216 217 353
37 117 120 185 212
37 94 194 328
47 17 58 343 395
29 29 106 277 347
81 331
79 80 98 142 353
43 30 55 117 167
48 170 195 359
82 216 241 290 337 344 354 399
69 94 131 139 189 217 330
29 139 243
53 116
66 73 160 389
49 252
63 14 103
79 310
72 165 315
69 134 136 268 284
82 144 200
20 60 337
66 81 87 219 262
48 304 392
87 66 234 303 362 391
54 40
47 386
90 65 162 239
59 4 172
48 51
57 91 108
48 153 195 306
41 197 198 239
32 43 172
73 56 103 128 209 331 341
18 92 111 161 181 231 378
56 233 340
38 200
37 30
45 213 327 394
21 178
51 252
50 157 196
41 99 117 302
45 12 132
27 60 162 352
50 311 348
43 50
58 236 361
3 9 153 281 325 339
50 287 328 399
54 384
68 31
36 7 84 89 179 188 312
41 193
55 106 161 196 213 233 342 377
17 57
74 126 170 188 238 381
30 143
102 16 105 133
47 264 328
49 252 282
49 325
34 258
21 19 43 123 314
11 22 158 311 317
45 70 109 140 246
91 131 153
52 42 90 126
43 232 327
37 58 69 283 313 354
99 210 382
99 369
41 96 111
56 325
3 19 115 118 124 389
75 265 337
30 48
78 135 184
40 42
54 2 52 224
61 287 301
54 238
23 267
52 9 43 148 166 319
38 24 257 388
69 290
66 122
41 84
25 172 337 362 380
68 141 244 352 373
46 20 102
80 33 115 239 331 346
61 292
60 392
83 55 143
38 157
13 146 311
13 60 143 159 166 264 298
59 77 186 368
45 6 194
73 256 268
99 13 270 370
35 132
56 120
83 150
34 107 113
41 128 137 272 310 326 353
37 3 15 114 159 250
64 194 364 368 380
66 18 238 281
69 69 164 177 216 258
54 111 167 196 207 358 390
43 53 181 378
48 68 116 174 183 195 216
54 238 277
39 89
48 48 274 346 360
37 274
46 47 58 215 314 317
44 81 376
11 5 29 46 196 251
40 83 175 346 352
48 22 274
63 35 36 119
67 38 232 254 349 361 380
14 170
34 6 57 190 211
48 50 101
41 39 105 229 309
22 51 309
104 339
74 11
38 53 92 183 219 272 274 387 396
33 47 247
11 73
76 220
95 29 68 110 281
61 216
55 149 314 325 386
67 157
83 51
48 51 124 172 297
43 181
39 351 389
59 39
44 22 112 332
82 124 136 305 331 343
24 377
53 33 182 195 269 370
21 96 293
34 80 167
63 25 76 115 203
30 153 176
49 253
6 213
57 267
102 168 195
61 58 135
71 54 90 98 105 258 282 350 352
76 158
8 2 9 38 181 261 277 358 388
41 286 326 391 399
52 102 260
46 81 155 259 271 281
44 55 58 63 81 110 240 287 316
14 93 106 152 161 225 298 330 331
91 172 189 374
29 147
85 158 362
46 135 172 264
33 359
69 41 184 253
27 314 322 323
35 14 20 32 50 110 267 397
35 29 179
62 35 387 399
43 3 10 106 154 286 369
21 9 371 374
35 190 226
11 90 278 291
32 288
68 215
35 31 121 184 325
55 205
71 153 369 391
3 58 260
50 170 190 276 321 379 397
54 230 247
70 74 134 391
44 161 377
41 197 318
78 83 104 365
40 332 352
64 147 154 273 292
61 380
27 223 239 252 306 316
44 286 398
51 24
46 91 244 362 380
95 175
67 11 126 331 340
59 40 100 186
73 114
63 240 395
59 25 122 319
52 122 176 228 295
56 64
75 137 342 360
44 147
30 167
91 13 393
54 232
72 144
44 47 117 128 388 399
74 58 98 134 141 167 309
67 91 106 162
57 68 325
69 2 167 271 314
48 62 169 227 255 288
34 29 56 105 109 135
24 188 220 283 329
80 30 116 118 121 399
49 70 144 177
69 67
54 4 48 64 292 337 347 379 399
32 30 42 81 85 88 169 256 352 355
43 42 372
56 49 54 161
66 119 192 284
55 279 307
23 156
70 55 300
43 0 75 81 120 163 212 266 293 294
39 46 49
13 122
38 37 72 85 318 365 385
53 19 293 322 365
67 393
51 23 165 260
23 85 182 253
39 80 125 194 214
73 356 376
65 157 295
48 30
46 94 314
57 6 119
66 164 172 291
45 77 128 254 255 371
60 137 227 284 349
53 131
46 24 25 78 94 116 169 358 370 399
35 238 287 359
28 99 156 207 379
9 237 341
72 177
53 6 220
35 3 346
57 25 118 165 178 211
29 14 70 136 245
53 166
32 98 126 133 397
62 17 48 102 319 388
30 41 111
36 240 270 382
62 352
65 166
66 140 238 379 399
86 94 347
59 83
29 323
19 40 51 95 152 266 278
43 257
38 12 15 52 84 184 230 244 359
8 29 88 162 173
63 199 336
34 42 68 246
23 56 222
62 38 387
64 143 204 276 309 334 335 365 385
77 186 260
54 78 100 113 343
56 6 192 305 389
52 63 156 161 194 386
13 91
43 5 143 192 319
87 234 294 396
60 351
52 21 104 387
70 85 330
59 145 284 297 298
58 183
42 67
37 87 97 237 246
97 151 352
50 175
36 45 102 119 200
63 32 64 187 291
37 315
42 379
40 73 104 204 271 293
63 326
31 14 245
49 97 255 288 356
4 138 192 196 304
41 252
56 137 240 374 378
47 27 349
36 35 74 119 216
38 234
72 55 215 316
70 91 242 277 335
51 3 52 222 247 253 297 310
49 146 229 246 292
43 304 334
72 110 129 175 250 386
41 10 339
38 35 70
32 155 205 235 330
60 132
55 201 210
16 64 305
67 12 170 299
77 76 167 214 317
57 18 111 225 236 319
59 248
57 21 90 147 214 354
70 193
