600 2000 23876
47 5 191 260 495 576
55 8 138 234
17 78 511
27 25 130 368
45 368
48 97 232 253 505 517
48 274
51 362
62 219 291 368 478
51 164 184 210 424 442
17 145 167
21 4 105 230 251 467
56 497
55 333 558 571
41 9 183 248 288 337
77 207
97 96 163
45 178 429 439 559
55 154 222 439 485
61 31 65 305 465
57 298
23 281 297 476 562 580
63 25
61 171
53 242 375
59 176 184 293 334 395 464 490
43 203
90 64 119 288 351 501
48 131 368 380
90 17 90 235 357 395 409 548
28 135 156
75 1 48 279 331
87 306 348
95 175 313 429
15 30 82 331
47 172 538
28 370 390 433 452
46 308 451
23 215 224 366 477
47 286 512
56 298 547
66 305 317 323 332 508
20 166 476
52 86 385 552
37 176
45 129 144 268 478
49 190 220 372 375 580
36 276 527 594
42 354 453
18 518
57 118 574 591 593
49 68 73 82 321 446 570
66 0 118
63 411 469
51 144 484 494 511
71 267 295 484
26 106 270 366
71 186 595
57 59 147 337
1 326 366
70 99 140 474
46 262 490 531
72 28
47 2 48 306 522
37 59 345
36 48 59 536
10 405
61 213 389 398 434 478
15 122 237
68 365
16 125 181 341 491
30 163 179 381
59 15 217 253 318
32 115 348 455 570
41 56 138 337
55 189 476 542
31 62 120 173 197 242 313 330 350 540
64 250 265 557
59 525
33 63
71 108 188
50 121
69 574
61 70
46 36 446
45 130 270 533 538 563
60 324
58 154 297
44 536
25 271 331 476
54 54 125 172 244 248
46 188
52 126 310 394 544 572
51 11 511
15 533
75 13 439
23 593
30 223 258 384 435
30 480
38 70 81 90 575
37 380 468 580
61 191 470
58 86 271 306 355 557
28 381 442
66 129 182 202
58 419
33 195 235 270
43 260 282
65 127 264 476
35 430 489
84 154 175
14 304 424
69 599
84 107 322 336 561
23 51 427
22 482
51 321
67 74
42 222
40 86 363 535 592
63 29 592
59 591
88 174 311
75 382 398
52 307
43 62 444 595
16 61 447 502
64 198 343 461
25 435
33 376 381 443
60 298
26 100 166 263 286 431 444 457
63 16 99 127 438 487
57 63 95 181 271
44 414
42 354
106 17 404
31 228 599
41 364 475
52 219 330 355
36 95 113 596
28 405 459 561
41 317 369 455 486
55 42 202 307
36 302
42 86 96 143 500
41 140 276 354 588
1 75
45 187
28 46 116 181 370 454
53 24 327 567
71 390 444 519
18 137 473
37 506
53 194 247
37 42 177 252 310 329
65 245 529
76 197
61 246
39 348 421
29 48 175 177
65 144 348 351
54 19 51 117 500 535
14 265 554
53 125 435
74 69 77 145 552 566
17 295 593
74 423 585
21 78 273 503 509
72 358 525 572 588
38 143 206 489 548
32 2 57 87 223 493 584
42 87 434 550
53 464
53 94 131 137 248 355
19 377 421 468
54 223 341 345 446
60 44
65 47 327 352
59 17 307 316 356 473
41 462
50 14 17 117 234
40 48 112 346
49 102 275
70 53 358 425
89 16 66 164 179 214 366 550 575
69 11 334
40 379
60 85 141 598
30 297 555
23 411
6 263 400 436 541 555
36 305 352 502
72 175
38 168 191 357
87 314 420 422
48 312 570
67 275
72 65 97
13 343 461
69 70
58 231 443 574
52 315
24 164 438 509 584
29 34
70 220 476 522
4 74
56 166 406
38 225 532
70 69 187 597
43 62
42 255 536
59 564
38 37 200 445 571 579
68 204 280
66 24 130 156
1 228
80 537 595
43 12 122 300 365
45 0 1 152 222 325 537
91 25 302 474
68 293
104 79 110 131 184 572
53 579
71 32
20 451
45 44 185 437
67 18
36 2 128 174 281
102 219
46 288
47 0 464
41 177 210 577
49 446 488
18 119 209 214
37 135 191 239 355 482 532
45 73 176 313 358 378 510 553
32 343
41 266 294 481
62 26 100 227 517
63 62 111
49 572
58 569
39 190 388
59 347
55 324 330 489 579
45 389
78 33 178 218
52 140 160 173 185 292 293
76 117 213
81 61 438
70 71 313 523
58 0 24 140 299 358
45 97 114 125 334
27 198 474
55 79 374 423
7 237
77 42 322
32 243 284
17 86 398 574
64 19 453
62 47 492 538
54 6 318 500
61 245
77 53 494
48 455
43 82 219
35 5 122 126 313 538
37 48 95 474 547
57 123 385 499 508 564
56 65
57 192 242 520
73 80 411
55 92 118
78 282 375
102 121 586 588
56 9 331 349
71 229 485
44 121
41 380
49 237 396 425 529
46 32 174 203 236 286
63 99 416
77 18 172 444
53 288
43 171 287
52 302
35 235 508
57 215 359 364 477
56 106 175 571
62 277 320
13 145
75 224 437
46 120
76 255
56 70
51 129
37 129 496 517
35 14 390 476
35 297
65 382
53 439 494 504 536
75 484 520
53 111 256 344 490 494
75 431 580
50 47 191 568 579
19 88 133 204 214 235 562
24 124 343
49 9 320 340 487 547 555
47 36 95 196
47 381 418
44 58 134
29 149 210 270 479
43 57 139
59 55 71
29 137 260 435 502 567
62 244
20 96
42 202 247 501
56 33 75 167 351 429 443
41 305 491 593
1 392
40 332 388 401 542
90 16 146 433 496
22 55 125 356
79 238
46 188 190 201 356 386 401 454 479
67 76 185
37 291 464 559
58 36
55 389 539
56 448
56 57 434 446
49 38 60 174 323 346 499
67 520 591
60 105 120 221 560
26 23 159 242 258 423 435 554
56 352 359 412 452 540
73 270 472
61 255 367 478
65 30
45 119 416 494
27 217
50 3 197 298 379
52 123 239 367
49 273 387
72 82 228 419
51 79 219 383 592
27 30
75 369 373
62 243
56 5 240 245 343 356 597
66 3 9
40 563
43 177 242 250 270 323 331 384 564
44 10 367 436 575
56 125
64 100 139 429 433 557
51 371 422
62 58 187 220 346 499
59 123 240 326 549
28 30 65 286 434 468
49 39 75
64 591
29 311 340 571
37 146 336
77 46 384
53 12 468
47 66 107 181 206 216 222 251
36 298 400
61 337 436 516
45 197 321 379 516 518
55 252
39 281
59 66 172
55 472 493
66 37
20 367
26 22 96 227 254
36 9 176 191 249 525 543
54 2 213 248 494
47 310 477 570
47 147 213 321 341 420
64 136 165 171 437
1 88 167 235 289 349
20 302 320
23 45 93
35 117 446
38 25 134 259 305 570
67 32 123 199 435
35 258 354 507
28 40
43 100 162 395 415 552
86 91
1 381
62 118 469 594
25 112 446
76 69 329 482
21 88 112 415
61 127 504
30 118 130 155
88 281
51 347
69 191 268 510
43 144 509
68 99 360 389 464 548
46 92 109 502
47 99 133 178 444
42 40 485 490 550
39 234 312 473 529 593
27 62 423
36 65
61 173 275
26 61 221 275 477
49 9 35 128 216 317 473
34 83 104 549
8 17 90
20 44 194 330 466 508
48 574
88 52
70 427
71 11 468
59 107
36 193 368
62 332 342 406 467
61 78 404
29 281
73 64 340
46 483
66 564
28 80 153 180 276 313 336 366
21 143 226 377 400 469 526 563
55 137 244 339 481
42 18 452 463 546
43 74 483
26 58 71 99 181 442
47 262 481 483
39 478
72 146 442
52 1 397 506 552
22 108 366
1 303 360 438
73 344 558
30 453
23 52 142 321 508
69 196 241 268 552
44 75 262
24 240
65 567
26 158 191 193 295 433 459
58 6 206
25 71 513
33 217 238 446 476
23 304 342
93 230 236 527 560 577
79 76 162 392 422 594
35 156 201 274
19 392
55 329 448
48 404 580
38 53
18 328 533
38 243 533 557
71 192
64 193 511 516
55 91 312 343 370 532 570
45 371
35 310 392 411
44 275 457
49 98 329 594
29 8 516
45 100 108 267 278 493 563
38 514
18 315 526
47 130 381 385 411
63 473
77 159
53 197 369 557
13 82 527
54 47 109 112 211 256 291 375 459
41 371
79 254 268 445
47 235 592
25 155 207
54 26 63 187 476 482
12 45 140 329
33 537
51 154 365 408
12 23 292
76 20 318
21 189 233 388 519
8 437
46 169
58 426
44 98 244 547
22 102 286
70 384 529 560
19 88 281
32 520 546
72 126
37 5
28 55 353 418 537
57 81 146
50 30 263 301
89 265 335
76 533 574
79 155 236 381 507
56 110 161
42 107 112 470
32 223 278 287 532
39 66 328
36 406
88 122
43 496
93 85 241 383 406
49 41 56 85 381 386 506
36 492 555
64 225 354 387 407 447 594
41 251 363 397
50 37 344
89 64 493 544
104 39 187 243 448
19 115 208 215 268 276 363 383 428 477
50 174 264 418
58 18 63
26 449
61 598
59 153 224 416 475
52 120 397 495
52 46
38 62 101 229
63 103 500
25 172
34 45
30 228 260 471
35 80 141 386 390 461 492
79 113 248
56 23 90 104
102 74
54 208 286
25 288
59 69 101 213 232 387 428 466 470
54 58
42 126 344 412
88 103 521 595
91 336
52 199 561
58 20 107
33 127 177 184 351 464 536 559
84 37 121
56 267 480
25 293 412
60 3 20 22 161 173 178 405 428 475 480 590
12 283
31 512
64 109 325 440
97 206 554
36 294 588
87 175 232 308 440 442
56 459
96 31 152 412 511
38 145 381
53 7 422 574 578
41 277 438 505 557
25 454
60 310
37 336
39 338 518
56 494 536
78 14 290
42 253 268
53 455
69 97 376 482 529 584
53 111 135 419 473 539
33 571
52 75 165 588 592
43 410 552
33 11 23 62 105 163 522 575
48 189 382
75 411
45 478
60 121 219
1 167 175 461
44 178
42 26 48 269 395 459
59 490
68 343 353
70 322
23 16
64 12 238 305 485 577
50 77
62 56 584
85 1 19
13 188 259
60 550
71 41 76 263 439 496 556 595
11 90 293 529
55 7 71 146 292 426 449
1 256 483 579
6 96 209 510
36 432 538
86 503
69 99 511
25 105
31 97 104 198 318
47 14 15 136 172 445
47 10 86 92 359 475
47 338
30 110 317 417 441 463 568
51 1 132 139 339 454 550 571
39 33 136 533
70 133 422 483
42 118 261
50 56 502
54 31 406 460 490 539 561 574
87 78 246 470 567
56 321 594
68 189 329
49 285
32 145 315 423 497 504
15 343
40 43
44 205
49 286
85 227 268 373 462
41 80 438 488
42 565
73 187
45 556
47 115 181 272 387
33 126 274
73 57 282 440 498
46 7 528
45 495
51 283 386 452
51 93 274 519
60 28 103 517 544 546 573
23 531 549
17 74 293 535
62 27 208
24 48 103 478
57 57 86 149 284 331 383 391 487 574
59 225 530
52 34 213 310 340 480 509 521
70 75 194 455
65 493
31 195
9 335 546
66 119 273 446
78 124 479
5 424 492
42 70 113 255 302 314 352 478 531
29 87 351
36 121 200 204 250
28 497
56 56 235 253 332
71 150 151 474
55 548
21 587
68 4
52 141 450
45 4 186 189 268 307 309 393 538
42 51 224
63 118 348 380
28 86 406
28 227 321
67 269 383
20 51 92 184 343 494 583 591
68 89
28 55 76 186 274 451
42 106 187 265 278 487
60 535
25 118 466
47 155 592
75 378
28 346 543
45 98 161 309
44 466 472
55 439
60 62 164 287
51 244 496 509
7 285 405
48 153 593
67 82 148 300 315 403 458
56 22 138 176 302 501 585
42 294 532
57 50 343 533
34 306
34 39 361 558
49 31 399 407 566
54 154 385
2 117
15 289
50 48 235 273
51 468 562 563
53 51 438
65 560
81 497 515 579
7 120 184 341
76 99
49 65
72 518 565
52 56 225 554
34 341
33 397 439 554
73 90 276 430 535
59 212 420
34 382 569
53 273 437
58 372
71 17 422 526
21 242 444 472
51 30 105 155 161 256 415 443
31 198 356
67 181
43 283 333 436
34 190 363
53 155 337
41 45 77 146 310 432 491
65 370
67 297
66 360
40 82 235 318
47 388
60 512 565
70 247 259 363 489 527 595
35 324
58 292
44 25 597
50 260 282 509 511
8 67 320 443 595
19 21 102 219 275 317
27 289 439
46 184 246 408
60 9 121 332 408 451 500 520
42 149
6 152
53 34 129 167 180 482
24 30 314 553
50 245 259
56 488
51 29 413 528
35 52 255 283 587
55 230
29 297 415 579
50 230
67 233 236 517 534
20 59 361
42 196
28 22
29 302 410
38 70
59 77 179 185 195 265 337 398
58 24
9 60 290 362
96 129 300
27 8 35
40 26 185 547 565
46 157 192 212 313 333 365 390 412 417
44 259
42 233 497
45 6
64 10 278 341
44 265 340 424
37 461
33 527 580
60 181 199 272
48 320 423
22 55 111 273 478
76 51 226 329 567
55 147 154 302
77 278 380 510
60 338
86 332 553
77 42 50 68 146 181 315 350 529
5 98 209 242
50 384 436 479
52 358 383 387
66 238 447 537 552
74 386 448
42 50 255 478
61 133 190 453 496
33 522
77 67
60 127 209 267
89 532
49 3 117 166 294
33 54 184 248 358
62 36 313 454 570
22 4 34 50
76 244
18 107 209 541
32 346
46 445
72 5 59 103 598
49 278 332
77 66 450 494 495
61 25 311 406 462
39 229 544
32 432 500
41 443
57 321 326 569 579
67 200 525
49 119
69 440 518
74 152
48 64 87 302 424
68 403
48 7 369
25 2 441
54 150 230 316
39 56 407 474 534
64 83 219 470 572
70 127 135 246 548
44 151 179 383
65 135 289
60 592
56 36 427
38 185 304 503
62 186 188 204
17 266
54 23 265 359 491 535
66 392
59 418 558
16 126
20 402
60 149 455
78 510
51 95 309 566
52 194 245 281
53 159
6 107 134 475
32 54 69 154 312 491 500 558
72 28 84 296 383 425 563 583
26 49 278 329 493
36 380
44 410
54 275 348 477
50 261
29 6 25 374
39 166
65 67 76 426 514
19 255 392 448
53 20 266 415 464
84 58 120 277 478 576
22 195 418
52 356
59 190
63 118 119 348 424 523 563
60 5 33 58 211 263 329 428 523
7 187 327 388 580 586
35 89 227 240
55 48 181 565
65 314 547
59 214 515
45 161 334
53 41 232 478
29 69 99 417 492
27 159 439
28 163 261 306 358 542
46 434
37 95 226 293
34 132
56 251 452 563 591
50 471 557
37 283 436
41 54 316 383
44 8 22 64
12 277 363
57 42 101 131 303 309 423 434 456
56 165 181 351 525
57 11 157 189 398
32 46 367 381 462
56 109 190 467 473 494 591
65 169 257 446
74 20
32 511 528 554
40 36 96 264 585
66 222 569
4 203 267
68 175 204 259 275 312 532
7 110 165 368 471
51 49 264 335 416 496 581
66 184 278 340 495
28 477
60 26 155 325
46 57 474
42 17 201 570
69 394
37 251
81 385
40 376
102 79 326 394 434 587
8 17 107 291 571
55 37 112 355 476
82 15
35 53 105 212 239 297 343 418
51 21 64 122
61 79 237 379 566
59 74 278 300
34 319 353 447
67 84 188 220
47 356
60 414
41 269
17 302 388 497
52 98 269 314
61 39 270 527
37 108 117 237 247 461
1 101 374 385
50 50 271
32 148 186 451 592
43 388
69 94 395 514
25 562
33 40 161
77 380 385 466
62 117 118
90 80 249 251 303 564
40 151 210
62 345 599
104 96 114 265 316 471 552 568
45 139 254 271 360
30 23 589
40 300 393 516
31 43 67 226 527
48 56 172 190 470 512
55 179 412
65 264 545
59 159
40 49 396
13 171 397
89 188 362
2 24 25 172
65 389
17 267 394 515 588
60 103
41 50 292 405 435 495
66 91 197 294 591
30 317 434 443
26 2
25 142 188 234 500 546
40 125 317 344
64 136 179 259 260 451
54 372
1 519
65 397
89 103 261
60 167 200 478
68 8
51 71 302 360 460 482 572
50 119 270 391
50 75
42 21 151 339 481
60 263 405
55 232 364 447
40 225 455
39 221
41 388
34 288
26 29
27 14 307
28 301 435 560 580
77 3 185 293 402 526
34 478
65 156 287 457 526
41 263 433
61 294
20 295
43 164
54 93 479 554
54 367
49 211
15 42 231 234 356 408
46 425
1 56 193 264 457
31 15 155 185 392
55 18 111 189 250 298 340 367 381 453 491
18 76 243 245
64 101 203 278 298
80 353 482 532
93 296 384 505
56 365
101 199 433
46 14 78 303
37 81 517
28 35 316 394
75 271 365 512
45 97
55 386
61 428 437
69 455 589
57 348 419
89 484
76 88 227 439 507
43 457 461 483
65 58 441
44 287 348 506 525
36 487
38 229 586
29 310 321 403
43 85 156 280 560
41 259
71 11 53 353 442 509
60 317 345 353 422 479 599
65 87 120 175 305 359 496 557 585
23 176 242
40 130 397 448
77 143
67 182 370 402
34 10 124
35 177
53 275 511
77 39 87 439
44 477
84 226 268 428
41 138 172 196
42 147 516 526
73 243
49 78 99 329 437 520
42 533
51 61 109 221 234
38 106 179
64 14 262 487
57 81 298 334 510 560
42 172 358 392 533
50 120 321
32 504 578
54 226 298
24 157
85 216
43 314 352 391
44 298
79 439
25 144
64 29 177
21 120 572
31 27 64 143 144 171 194 223
34 201
44 222
28 513
58 1 114
61 85 191
27 282 341 581
60 8 445
61 14 176 211 268 320 347 482
38 1 250 255 360 417 456 556
26 175 303 308 446 459
49 103 117 283 377
65 258
70 101 509 546 588
43 47 235 312
62 136 294
14 5 483
46 218 222 480 544 569
62 48 213 276 320 427
51 388
51 122
58 61 123 281 476 503 555 571
67 76 203 239 511
48 79 120 160 224 387
45 391
78 171 261
42 83 126 338 418
48 10 323 461 496
67 27 42 68 278 318
35 354
97 324
59 206 397
60 322 384
37 559
89 491
63 355
62 4 92 344 448
59 283 340 456 582
59 162
11 100 233 302 380 453 527 571
58 47 252
47 238 581
56 65 145 226
67 84 415
28 231 322 404
31 126 221 422
43 168 296
41 169 174 274 491 530
7 454 458
37 112 226 275
6 293
59 118 181
68 168 211 417
68 384 427
63 108 162 451 502
67 19 204 466 512
38 197 226 557 567
20 253 438 445
57 64 104 108
21 27 288 592
73 117 210 245 383 496
19 437
59 11 75 362 373 555 585
57 100 202 433 473 488
46 104 224
48 129
54 339
55 193 279 368
46 31 38 150 331 568
51 79 362 509
32 158 385
65 539 564
56 377 430
40 166 533
16 124 189 339 368 480 599
75 227
38 130 151 201 258 391
13 204
71 301 305 425
59 469 545
53 359 415 587
54 140 346 355 428
70 311 411
59 111 148 463
79 173
52 103 482 560
71 149 282
60 148 191 231 403
64 238 250 493
69 307 368 386
73 181
61 54
49 115 495 531
37 480 483
42 412 521
52 285 335
82 172
108 343 413 582
55 71 338
53 46 153 346
21 208 363 515
70 355 508 568
36 21
45 208
53 140
47 213
42 179 366 590
90 161 541
52 283
58 433
65 6 281 520 577
30 175 201 403
1 179 226 267 294 359 408 476 522 577
62 30 109 111 286 594
60 392 434
33 27 159 383 448
26 0
25 246 400 444
59 153 522
55 66 156 248 478 558
33 291
19 61 453
48 249 296
32 79 193 248 413
36 56 180 460 548 594
71 333
67 559
42 58 161 316
60 94 124 492
45 76 372 521
55 407
62 165 447 452
20 532
36 57
63 99 382
47 15 75 369
61 157 266
60 124 595
24 433 574 599
16 212 257 341 555 570 588
77 304 407 559 580
24 53 584
52 180 260 353 382 495
59 302 345
21 329
29 150 258
52 46 155 245 597
36 190 333 529 552
16 77 448 460
34 108 237
45 25 295 559
123 88 237
63 410
27 361
30 110 199 209 288 339 354 358 577
53 149 238 357 447
40 594
23 196 367
36 149 210 270 336
21 137 187 211 329
42 577
65 570
53 330 346 573
19 178 226
64 366
45 461
47 500 591
24 101 121 304
60 113 178 186 530
14 22 23 82 265 457 530 567
44 86 298 344
53 331
49 82 181 462
19 120 163 437
36 257 382 544 593
18 214 258 408
39 221 278
62 435 450 481 499 561 576
45 269
52 173
23 118 141 488 549
64 71 95 215 217 299 324
46 119
84 18 40 201 396 429 495 563 573 574
76 184 185
70 34 132 297 341 480
58 244 345
89 309 457
27 496
33 301
53 92 236 428
35 584
63 476
77 192 346 559 589
38 242 323 378 418 477 596
60 144 572 592
59 219
16 65
30 169 251
47 86 178 518
43 16 218 458
47 54 96 321 367
58 169 204 542
47 47 184 236
43 519
69 586
84 3 204 277 367
63 213
65 230 591
47 101 339 443
47 48 73 193 555
58 484 492
82 139 159 201
16 175
40 183
64 171 559
40 17 538 549
75 390 578
93 257 386 426 470 550
38 354 507
48 264
77 37 107 119 157 222 243
43 168
64 533
64 266 345 437
74 444
62 0 57 260
53 29 322
45 78
41 121
76 133 260 404
61 182 486
21 6 453
17 112 124 416
31 104 177 315
12 191
53 145 236 252 321 378 387
41 237
54 136 273
28 29 45 266 481 496
26 266
34 8 164 364 411 474
76 138
82 153
60 142 208 504
57 385
44 421 455 575
44 24 98 218 225 260 392 468 551
88 205 370 371 558
30 33 102 490
1 419
19 118 224
63 343 592
55 136 177 352 423 593
61 213 470 492
71 64 234 401 426 551
56 5 102 192 198 385
22 220 264
38 295 326
51 384 450 459 509 590
51 30 297 486 550
35 59 216 294 440 469 540
67 527
62 95 234
42 3 59 129 156 193 223
62 162 179 200 250 339 387 552
37 259 342
56 118 234 544
64 79 556
40 156
54 288
23 85 194 217 580
70 51 428 449 517 556
42 30 34 282
41 75 140
36 7 116
14 401
59 28 77 136 178 188 346 438 455
69 596 598
69 193 426 474 523
61 220 257 266
44 201 220 526 538 572
26 83 292
67 124 233
40 151 354 512
72 7 249 336 396
36 358
103 318 454
63 144 372
52 493
66 213
47 1 538
62 159 418 478 522
27 341 517 526
40 71 465 596
81 75 88 174 363
84 143 222
10 596
38 142 177
57 141 453 573
77 134
66 118 517
63 80 183 306 338
24 1 69 433 545
37 214 279
33 140 141 257
42 8
51 560
36 279 313 494 512
61 12 52 267 381 586
67 109 274 421
75 523 544
27 90 117
60 70
50 125
20 264 280 425
71 27 271 300 530
75 321
61 59 99 250 387
36 241 371
60 131 150 274 472
58 11 90 415
36 54 169 540
63 38 188 277 370
68 81 262 316
31 119 140 188
58 89 208 235
38 229 420
48 167 456
45 29 112
46 78 220 285 465 503
38 259 593
31 79 251 261
36 365 477 499
55 497
81 88
13 174 558 560 578
6 366 510
1 446
67 327
64 375 473
57 130
41 179 477
60 22 347 393 538
36 448
50 120 205 507 534 564
54 195
57 53 65
17 68 86
82 14 574
36 560
56 12 133 210 382 539 596
65 403
44 417
42 122 484
28 582
53 43 85 166 268 349 434
39 35 95 137 395 555
2 376 471
78 375 448
56 502
14 251 592
44 238 335 360 545
56 137
59 370
27 344 437 599
57 60 250 424
45 92 434
59 132 304 437
59 222 293 302 374 457 460 532 544 586
89 308 392 552 596
42 41 206 539 560
36 301 356
1 22 31
69 44 133
41 398 416 465 487
90 13 361 368 466
89 96 173 187 260 298
1 152 317 356 471
52 42 126
69 4 215
19 246
48 447
73 504
52 289 426
40 471
62 196 370
67 191 490 526
51 156
48 183 278 452 533 563
32 19 90 186
40 36 61 74 358
44 45
50 102 127
73 327 523
58 68 117 332
60 138 230 480
67 366
43 276 507 528
37 287
66 111
61 132 428
43 81 116 246
51 145 236 302 415
26 133 160 284
33 184 284 563 576
52 222 418 490
20 523 580
22 350 494 558
54 587
62 156 268
56 60 159 213 393 550
42 323 351 551
84 546
50 192
31 0 7 92 410 507
59 90 163 220 296 308 330 536 587
30 103
19 375
63 64 194 203 496 533
43 148 150 171 261 292 426 485
17 218 430 497
46 189 387
39 27 514
57 131 363 487 593
36 36 80 423
46 422
54 59 71 142 217 245 299 321 416 424
53 249 259 578 588
64 30
69 47 349
34 112 183 340 458
52 12 259 445
65 138 466
79 592
43 371
33 165 239 332 497
49 52 366 384
48 394
47 151 214 257 337 350 517
58 570
28 114
46 187 489
81 174 178 249 591
21 455
71 82 177 178 239 394 469 472 481 567 586
45 470
60 336
62 328 575 579
50 28 50 103 137 145 315 545
51 227 564
34 74 173 385 403 411 592
1 473
61 1 75 103 181 377
23 97 260 347 396 497
71 95 231
61 87
58 322 371
50 154 289 406 483
52 84 150 301 561
36 15 225 298
55 6 581
62 64 310 497 584
64 241 546
16 28 454
53 465 591
47 294 330 558
27 392
58 25 42 596
70 37 569
79 40 231
47 440
65 597
31 180 269 538 539
13 21 205 355 565
48 177
36 10 58 247 460
42 280 445 448 489 526
43 274
50 430 431 483 510 596
48 504 593
42 29
33 478
15 292
59 15 152 492
46 376
39 217 479 514
85 176 240 283 354
32 392 415 455
71 257 455
33 46 149 479 490 578
86 240 248 421 481 495 512 560
49 370 422 450
37 65 189 200 232
23 46 255
34 72 300 399
58 239 339 342 402
63 147 462
48 58 106 210 481 524 595
54 75 119 149 352 377
60 325
59 72 417 489
5 305
25 472
31 9 58 308 419
46 0 453 597
93 68 398
55 15 346 571
80 314
26 40 252 446
46 61 115 152
17 295 536
44 407
80 266 445
18 170 411
45 429 514 530
57 45 195 314 414
52 129 163 522
43 149 314 546
53 17 78 145 197 353 457 473 511 582 587
62 53 490
71 155 229 463
69 156
98 39 533
6 414
76 307 401
48 43 487 587
32 149 205 288 370 554
52 124 233 470
51 382
60 28 43 88 299 592
66 76 253
22 2
65 480
73 27 302
28 78
58 77 90 190
21 592
50 51 206
56 416 542 591
50 252 472
71 225 449
42 109 296 445 584
56 453 509
41 161
105 40 61
60 260 413
39 383 521 583
34 64 174 442 492 519
69 102 424 515
50 321 437
37 112 127 261 468 485
28 364 583
82 400 479
69 171
38 26 304 464
48 329 392 407
86 241 385 459 484
38 447
46 0 439
54 123 155 283 558 561
56 109 275 296
28 345
55 34 36 317 581
47 128 595
33 146
67 87 314 345
57 393 419
60 266 402 496 506
31 585
45 403 486 572
48 29 190 381 516
69 160 166 209 269 377 426
67 431
25 14 93 189 215 281 338
43 580 587
63 45 297 337 501 507
87 215 218 346
54 332 389 487 500
32 479
74 64 221 246 581
14 446 495 586
58 228 278 427 526
51 216 273
45 50 496
11 243 277 372 479
1 6 396 464
42 10 242 275 305 322 355 533 568
37 275 458 467
50 102
24 383 392
73 401 413 540
69 173 492 553 573
42 98 512
58 7 312 388
45 46 201 408 502 571
77 486
43 309 568
37 122 191 254
37 89 192 235
66 58 94 479 502 574
52 188 292 456 592
19 284 455
9 239
20 22 155
32 231 420 436
37 467 481
56 179 579
65 4 163 295 518
52 272 423 475
36 172 183 520
65 303
38 86 301 372 464
55 369
25 176 387 474
36 31 202 253 354 534
71 132 178
73 265
33 36 270
48 154 158 316 382 549
59 179 445
74 81 183 277 350 411
68 137 174 314 572
83 2 289
61 66 310 546
46 598
62 140 404
48 180 197 446
30 246 284 455 467 545
31 67 192 365 392 518
54 483
46 112 262 292 307 356 422
46 29 80 175 421 465 515
90 133 156 362 469 549
44 81 120 574
68 163 336 362 558
29 118 554
43 507
49 2 195
69 17 116 290 329
52 170 280 348 392 449
29 146 483
29 48 405 473 476 548
53 533
37 122 159 210 369 464
45 222 465 468
16 366 381 532
40 177 237 375
48 14
20 469
36 28 103 188 205 580
49 125 242 576
25 191
29 240 564
13 238
73 212 344 455
45 241
34 182 205 444 452 553
51 273 376 461 512
22 73 125 591
7 51 66 187
62 69 531 565
29 56 246 380 418
26 243 494
44 118 358 497 593
57 36
72 153 165 227 435 472
32 35
58 139 379
64 397 533 574
24 218 481
44 24 111 571
66 87 282
35 217 464 531
82 50 330
18 120 188 197 291 583
67 379
74 263 456 507
65 118 461 550
80 423
42 595
38 163
29 7 87 100 178 541
56 30 99 537 593
52 86 173
25 67
67 5
51 566 573
37 184 230 352 519
44 119 230 544
38 114 181 255 344 350 366 515 558
37 169 194 317 585
52 64 222
66 258 464
28 407
48 261
48 36 438 525
72 259 274
1 180
34 92 97 136 253
75 83 562
36 167
34 264 418 484
71 151 328
44 79
76 300 592
62 109 175
41 37 200 214 252 337
51 216 437
45 108 488 503
27 122 223 366 395 450
97 102 326 334 454 529
50 3 13 384 578
50 85 457
41 513
47 108 140
58 235 251 274 367 397 479
46 273 374 430 495
50 314 413
49 199 311 333 458
5 153 306 366 383 537
19 31 452 490 524 555
35 399
12 256
39 321 590
77 389
13 36 410 416
101 69 504
45 51 183 460
42 513 566
70 473
55 30 349
56 176 361
48 199 281 373 378
37 148 369
55 73 205 333 362
27 72 98 296
51 399
27 258 306 362 443
87 235 529
35 0 90 539
77 193 244 481
64 449
81 69 74 222 299 371 435 447 538
72 391 426
95 44
30 8 151 232 494 524 576
55 566
52 458 513 515 516 567
48 20 143 264
28 291 505 548
68 51 125 372 552
55 17
54 60 566
33 96 450
50 70 98 146 440
19 302 517 577
62 460
45 220 288 351 411 447
36 6 75 191 235 535
43 78 268 421
90 15 33 404 436 481 540
42 150
56 28 88 181 189 223 456 467 549
59 430 534
44 556
41 20 31
65 79 235
41 429
24 230 242 354 451 563
45 45 257
109 20 502
5 57 148 404 456
65 318 408
66 331
42 109 187 468
71 65 242 541
36 565
39 13 33 128
95 22 516
41 88 293 372
75 57 128 271 463
47 30 172 386 570
52 437
57 179 352 360 399 545
64 174 380 488 514
25 140 173
15 110 188 315 355 421
44 34 146 279 446 448 545
78 27 377
84 238
1 242
56 1 32 99 177
60 69 126 302 315 406
30 14 32 67 300 367 533
71 109 487
42 572
63 170 312 334 399 589
42 434 525
64 128 253 287 331 373 426 561
38 434
46 158
83 547
76 180 269
55 10 245
48 337 504
18 562
59 191
40 118 304
38 36
15 165 490
71 47 204
58 101 250 356 548 578
52 22 263 389 591
47 461
44 252 447 462 499 544
37 123 125
44 28 210 334 597
56 499 501
54 435
5 37 50
12 558
55 230
9 120 214 230
54 147 325
74 99 136
57 155 278 415
31 292 585
59 555
56 387 431
17 149 164 505
65 83 182 250
70 211 222 484
58 139 461
61 29 44 185
43 457
78 214 357 517 598
67 100 168 314 337 441 458
74 246
31 398
58 162 523
68 381 450
14 391
84 459 538
52 534 598
33 39
13 20 131 275 384
58 225 308
56 424 598
72 138
88 156 194 215 327 330 510
60 28 288 446 512
34 152 320 532
30 71
63 174 184 282 364 583
91 289 512
54 189
66 1 157 195 472
34 108
84 139
78 75 149 175 248 301 408
67 432
57 333 403 418 429
61 25 149 357 557
22 136 293 365 418 517
53 32 57 208 494
45 28 111 394 576 594
60 81 119 200 397 494
38 69 112 316 366 387 505 572 586
65 57 92 202 360 433 508
67 291 572
22 237 380 392
52 190
69 324
52 241 301 313 430 495 520
66 156 278 337
58 16
18 29 54 325 447
103 361
63 203 218 411
39 339 367
48 477
42 300 326 372 447
49 109 179 207 292 360 385
16 206 272
16 56 84 433 557
18 218
31 58 67 99 271 431 471 510
73 552
57 35 312 449 507
64 204 576
38 121 394
14 383 570
30 426
47 34 143 301
69 113 148 194 254 440
40 170 282 376 512
46 194 209 228 255 481
54 50 397 452 457 473
69 281
24 536
50 418 598
42 227
53 436
43 39 203 425
48 421
64 489
46 236 254 574
21 51 391
12 142 315 330 427
60 213 276 462
68 7 417 561
12 74 232 447
31 68 515
50 516 528
42 96 221
83 68 157 319
74 124 152
62 26 431 562
8 257 295 581
69 299 369 461
79 205 575
68 493
43 305
67 77 499
56 182
18 196 228 355
49 4 47 400
77 364
75 2 283 581
54 21 118 177
73 337 540
19 446
91 69 335
1 209
73 28 195 320 322
67 57 89 505 521
20 249 383
59 412
62 85 186 380 591
48 159 195 294 304 596
56 167 278 477 527 584
62 160 437
34 153 249
65 95 117 273 557
66 26 412
76 65 245 430 550
63 11 62 189 328 422 526
61 83 203 236
22 51 267 291 494
72 540
47 248 375 381 415 482 580
27 79 167 263 328 344 382 476
42 33 52 500
56 52 101 429
1 562
53 116 158
1 206 272
6 470
39 393 498
54 566
68 402 550 585
56 148 166 413
