800 2000 27099
72 112 515 519 663
67 726
32 175 720
30 258 423 597
61 35
1 255 285 411 550
38 127 196 620
49 165 480 751
47 33 759
45 26 87 127 447 464 636
52 254 294 425
56 347 599
29 290 474 646
44 179 235 240 373 554
67 426 444 541
64 59 233 485 612 716 743
45 223 334 592
56 165 215 330
37 178 204 508 614
57 145 568
69 141 687
35 5 162 768
45 310 403
63 138 309 575 764
63 85 155 189 576 675
29 160 176 404 585
20 70 439
54 32 432 518 556
41 18 54 255 462 760 779
21 617
42 462
81 68 343 554 670 685 691
40 345 460
52 187 430
40 243 521 612 660
64 15 27 395 436 535 601 751
40 402 662
51 26
61 26
75 288 581
59 67 458 717 738
52 237 581 622
38 126 327
52 8
51 525 740 767
74 5 73 392 474
74 198 419
55 433
36 132 270
35 241 360 784
32 155 217 399
49 384 415 733
13 569
60 269 764
65 85 634
66 183
45 269 328 436 690
50 169
66 315
55 421 482 781 796
30 131
50 102 194 319 344 495 653 707
46 511 644
18 116 339 361 541
46 133 746
34 468 627
53 151
37 716
60 13 25 330 732
104 208 683
58 300 387
65 207 606
62 43 47 197 435
49 273 363
50 301 433 518 541 613
7 0 105 344 554 610 769
53 130 274 648 654
30 377 539 590
27 198
49 212 694
63 48 256 286 292 298 517 681 690
58 2 308
52 169 568 608 678 791
58 63 305 799
52 338
47 358 683 730
51 375
39 54 358 569
75 117 721 780
39 244 507
26 82 160 251 355 372 561
38 40
56 602
42 97 403
57 7 168
46 692
50 133 389
61 109 187 522
66 354 430 437 537
69 722 767
46 198
47 588
78 108
31 280
82 121 217 415 513 639
67 379 419 460 488 678
40 382
54 552
84 266 363 444 464 553 682 719 763
58 331 497
9 225
33 206 311 382 589
43 265 475
31 536 610
52 41 767
68 7 88 192
59 443 674 684
27 322 659 686
83 59 514
56 278 363 551 734
31 358 410
50 182 753
62 422 530 602
53 291
89 32 270 429 551
57 20 178 536
62 239
29 327
31 62
48 150 293 685
40 11 27 153 543 548
45 18 47 421
74 33 300 632 722 771
9 65 116 292
68 168 371 588 678
26 246 571 772
65 184 223 328 709
40 149 204
50 222 479 490
60 738
44 66 138 233 324 381 757
50 85 141 272 479 696
71 83 196
36 143 213
70 505
52 54 481 652
19 112 123 283 459 648
54 119 246 297 420
43 108
55 201 634
73 358
61 58 673
70 231
59 118 564 715
56 255 281
43 13 131 197 432 528
47 783
25 610 659 732
71 124 168
35 463 783
89 33 320 662 713
38 440 598
2 247 544 624 672
33 204
43 37 265 339 674 737 774
46 425
33 274 451 704 766 775 792
56 351 526 765
76 764
31 74 346
74 64 65 246 767
66 266 346 482
25 390 551 765
20 709
57 246 709
53 563
25 35 83 137
97 120 269 435 768
45 115 334 406 776
62 366 405 621
72 361 490
44 97 336 541 731 736
19 179 208 688
46 700
51 52 61 380
45 441 488 749
37 195 715
70 15
46 121 186
56 435 676 773
35 795
50 107 553 604
32 200 289
51 748
85 5 179 352 548
79 56 146 221
58 51
55 120 508 737
59 166 366 453
51 639 762 786
19 180 275 279 373 407
54 75 156 555 692
49 448
45 366
82 77
42 5 11 201 392 696 758
40 123 753
57 598
40 338
48 13 176 251 438 443
50 132 219 722
62 702
17 141 521 606
55 535
21 55 331
22 43 427 476
51 427 438 766
85 108
72 720
28 554 673
56 236 537 701
64 53 217 220 479 559 604 695 787
40 634
39 26 32 255 526 576
61 204
33 435 521 620 685
59 390 687
25 417 608
57 32 35
56 703
44 28 365 412 520 596 625 678
18 117 298 305
35 98
35 125 152 690 753
58 373 421 573 666 740
59 13 534
21 452
59 28 32 337 573 579
71 704 712
53 129 789
28 659
59 186 428
61 530 681 787
69 159 372
38 284 746
93 19 82 265 511
69 515 523
54 613 774
41 211 330 742
25 538 629 671 672
22 59 168 235 377 423 469 488 530 547 594
18 343
30 5 235 339 419 427 436 445 617
30 543 572 687
39 725
45 90 93 109 389 421 511 535 546 595 657
21 252 370
49 181 784
60 741
67 19 430
37 75 239 398
43 692
47 209 615 771
60 418
63 417 487
45 122 391 416 633 728
52 616
25 97 392
70 27 411 448 453 493 603
64 280 667
71 259 390 424 622
71 269
42 140 731
78 117 281 289
33 542
56 535
35 43 713
42 374 618 679
9 457 643 701
42 293 409 417 614 762
52 177 468 633 759
35 14 459
43 46 240 535
51 562
39 406 567 786
82 362 424 473 494 585 737
11 44 193 214 563
57 11 137
47 189
52 385 760
41 312 342 660
40 375 633
32 304 380 582 799
25 231 705 779
66 65 605
48 712
19 347
44 511 594 616
23 134 359 649
64 515
60 148 300
40 791
49 534
36 92 580 647
59 120
26 251 310 318
25 51 78 301 509
19 83 137 152 244 323 746
54 728
72 12 477 741
75 141 278 454 562 663
78 553
22 51 219 259 554 647
35 458 738
87 49 455 543
39 13
41 427 691
45 177
39 183 184 515
48 88 249 525
52 23 124 396 526
43 80 382
76 265 536 537 727
73 24 77
29 87 482 490 634
50 61 210 615
46 518
39 218 723
39 23 126 156 208 250 460
26 260 389 575 633 733
65 24
85 72 532 660 670
40 5 393 520 545
49 286 742 785
81 54 255 678
73 14 89 568 625 651 755 778
61 68 119 280 478 571
24 146 263 480
44 379 504
24 87
60 196 465
17 387 542 555
50 340 759
45 689
25 48 263 600
50 17 326 774
51 384
74 206 275 516
77 244 393 717 758 777
37 73
58 218 556 603 648
49 334
90 781
47 575 610 646 690
68 36 205 214 620
46 148
72 192 252 299
43 99 152 610
79 2 232 496 729
65 71 309
13 207 498 593 775
76 511 560
59 141 184 247 296 386 437 454 680 687
74 114 481 604 612
77 92 257 381 509 617 705
53 106 331 569
9 101 177 303 359 484 528 598 616 767
43 550
46 65 309 399
32 685
48 152 574 585 740 781
66 747
76 219
60 492
46 182 286 337 379 669 796
47 716
72 234
64 138 424 452
59 532 554
63 238 696
47 39 126 219 616
63 82 132 389 507
55 90 367
59 28 68 392 579 745
58 677
23 3 282 683
45 395 712
50 645
65 50 107 124 161 329
20 768
1 32
55 85 227 429 636
8 26 275 424 506
22 99 102 210 366 570 677
20 157 217
51 425
69 707 757
49 446
24 499 577 592 736
43 370
14 382 496 635 745
55 64 303 633 673
44 80 268 364
41 157 161 297 609 628 680
57 50 618
74 90 145 229 389 767
28 392 755
25 506 694 769
30 455 535
26 237
48 644 755
31 656
54 128 360
80 137 556
55 253 305 435 565 797
58 72 723
56 509
12 43 230 241 392 670
61 181 519
40 337 391 396 482 659
33 430 784
36 30 60 66 81
48 309 536
49 443 547
21 450
32 469 639 703
35 12
41 348
57 81 292 499 791
46 241 363 794
18 129 218 273 579
52 212 295
41 693
49 128 348 627 630
61 232 269
61 13 699
37 50 58 306 559
49 191 204 683
45 32 559
62 378 535
42 170 277 317
56 539
79 386 784
50 37 146 160 175 222 495 506 743 755
41 213 739
70 441 568
5 517 530 658
31 388
52 182 347 796
50 34 129 650
47 115 528 784
55 98 779
62 253 707 740
37 220 407 459
30 368 521 531
97 156 217 285 469 568 731 781
29 211 448 474 514 594
79 80 97 235 257 281 426 490
51 8 718
59 12 248
66 151 605
11 95
25 489
54 28 395 451 499 540
43 53 749 761
51 37 591
52 507
53 22 54 465 673 737
61 138 411 617 699
56 254 310 585 733
63 50 422 595 718 778 797
63 787
51 260 267 371 417 545
35 78 517 736
84 251 395 652
61 468 669 774
57 95 130 562
47 1 707
46 112 177 511
2 59
57 489
64 6 214 224 267 578
47 468 533
48 526
45 22 117 443 473 560 642
64 385 485 516
54 6
69 87 643 658
84 149 151 169 315 532
75 92 189 355 723
72 212 277
37 282 357 523 717 773
37 128 596
48 34 299
22 679 773
93 90 168 190
57 249
54 244 525
21 710
27 564 732
14 123 229 324 502 679
53 156 213 370 431 606 620 768
53 243 524 731
32 391
31 201 217 394 498 658 669 687
53 148 271 468 529 746
65 425
50 16
29 24 39 212 448
55 71 179 331 382 535 683
43 303 580 793
50 86 231 278
42 235
45 46 98 684
45 398
43 385 656
28 748
43 232 644 714 775
44 584
33 89 332 373 409 475 650 651
78 143
40 789
26 654
60 125 226 242 386 399 738
37 17 61 421 442 501 772
79 188 431 791
48 252 338 537
75 52 586
11 84 137 758
45 158 596 597
62 296 596 658
34 411 537 713 716
47 572
36 291 633
34 126 130 243 419 460 670
48 100 297 316 565 796
9 654
73 524
32 232 459 624 728
39 359 581
38 371
56 59 82 477
54 71 145 232
47 419
69 26 275 283 780
91 212 552 756
106 543
73 287
29 410 468 655
65 48 229 233 730 773
25 121 364 616
58 527 696
48 83 561 627
38 273 320 736
40 74 614
17 238
64 322 451 484
58 64 585
42 225 443 518
22 778
91 287
15 42 96 780
69 404
40 233 260 632
47 71 311 356 498
69 123 250 276 433 670 704
54 164 400 481 543
65 357
21 142 229 387 397 743
78 76 134 222 602
52 25
30 52
58 101 268
70 224 425
96 356 359 771
50 24 103
39 573
22 73 78 209 351
49 66 69 306 479 541 658
92 331 406
62 2 11 558 731
74 109 266 429
40 93 198 215 447 546 740
22 182 292 475 647
72 482 558 583 608 670
78 662 684
62 83 490
20 739
55 175
50 201
72 173 509 653 701 777
31 487 596
17 330 480 747
54 706
86 196 515 799
81 401 607
9 214 229 302 520 642
29 46 776
48 333
37 226 472 616 780
47 49 260 546
39 83 85 311 313 330
42 149 327 706
48 10 162 181 218 388 525
34 121 487 597
36 181 468 471 677 773
21 10 276 318 363 370
53 97 489
69 15
52 278 665 711
79 181 274 360 451
42 203
68 127 734
68 234 768
41 6 50 435 779
51 81 100 389 731 738
46 641 747
75 682
12 90 129 156 702
79 466 496 578
14 94 147 697
36 108 486
37 46 114 174 191 213 425 578 655 748 762
54 366 617
58 371 752
60 353 604
62 391 468 779
47 167 331 413 588 593
45 72 184 420 521 596 667 763
88 202 275 583 722
51 186 610 716
63 753
68 637
6 260 783
58 24 293 427 527 787
37 117 134 139 446
58 14 65 429 653
43 426 556 633 634
51 19 174 192 363 423
80 769
34 158 569
40 66 157 548
39 57 61 403 544
33 441 580 687 705 798
45 174 226 351
54 605
57 105
48 726
52 134 400
56 545
78 623 729
72 137 722
1 764 777
43 218 554 588 641
61 300
35 560
56 417
42 191
60 48 684
49 459 460
68 67 190
89 34 101 609 693
41 95 364 603
43 632 716 726
18 123 156 440
44 47
11 116 603
59 169 294 550 636 688 702 721 766
87 487 615 648 771
66 33
70 193
77 50 78 393
27 172 410 412 464 467 536 577
31 676 696
56 385 743
48 727
57 19 524 609
55 83
29 282 507
53 161 406 695
36 168 762
65 297 385
52 225
50 418 576 674
49 525
27 623
60 643
49 539
47 145 274 582
91 389 398 711
52 193 215 324
53 62 698
136 60 318 541 766
64 7 22 41 126
55 255 396
33 692
53 63 133 391 430 536 569 622
90 65 268 527 546 565 576 583 602 639
65 6 76 495
36 494
46 758
31 94 517 603 610
39 19 179 263 501
69 162 482 739
33 154 426
73 617 669
68 137
34 269
14 267 534 576 688
53 34
64 785
29 189 233 279 761 798
22 162
38 170 571
35 8 119 332 491 556
53 774
66 600 732
63 437 505 652
58 275 288
12 234
83 363 380
58 27
55 12 148 344 356 369
67 335 454 487 520
53 202
51 570
44 108 224 792
12 225 712
48 190 682 705 720
32 314 700
1 40 79 296
73 127 216
62 576 579 658 792
50 35 137 279 324
17 40
13 276 300 457 592
10 427 543 591
67 439 507 680
64 110 299
59 284
29 181 274 335
106 85 98 165
30 181
79 137 360 372
49 574
78 136 348 568
86 211 275 751 792
28 32 367 371 519 777
1 130
30 340
26 75 131 290 347
28 327 340
59 187 466 582
35 7 336 416 468
33 53 61 149 549 794
21 57 75 184 661
22 171
52 51 467
61 16 39 316 336 719 765
49 539
18 38 299 451 605
41 351
65 101 285
22 116 371 654
27 245 568
56 664
7 88
53 195 358
37 34 359
77 14 175
57 628
44 519 565
80 0 204 258 661
63 125 308 411
45 99 163 530 776
48 352 386 526 597
50 488 532 732 756
57 110 160
15 22
51 508 544 671
50 68
65 162 243 312 368
33 419 514
60 122 750
59 342
37 267 467 572
23 10 208 579 623
14 201
61 54 177 309
56 122 564 671 765
20 8 460 585 770
73 280 358 420 434 445 700
38 50 289 310 580
24 669 785
49 361 579 699
51 209 510 568 662
68 665
32 131 379
72 140 297 546
46 225
43 405 564
61 109 232
87 75 444 676
42 71
33 533 664
45 48 244 572 602 615
66 595
40 114 763
87 350 546
53 357 670
44 178 334 619 752
87 15
68 769
76 217 234 583
20 7 452
76 764
43 116 521 572
13 231 300 543
48 730
80 184 337 428
76 463
21 163 455 789
49 181 294 717
79 367 434 605
50 170 323 340 663 777
81 70 289 543 546 578
17 415 750
45 178 575
9 77
16 256 370 381 433 594 797
36 630
37 732 744
27 244 263 277
29 15 224 453
61 659 698
53 111 115 403 576 600
66 634 704
46 506 748
67 733
62 260 297 402 578
39 162 234 352 797
34 195 475 547
13 750
40 245
86 216 316
78 59 155 440
1 4 206 450 629
19 418 423 720
44 697 706
52 444 638
73 49 302 675
46 101
43 82 134 593
73 54 263 371 450 795
55 11 57 144 430 455 503
101 358
10 639 718
19 509 561 615
52 216
23 38 132 158
62 339
45 32 241 530 595 733
41 78 204 428 724 787
38 142 428 505 740
57 150 222
72 152
10 181 212 363
51 202 538
87 188 264 512 597 664
28 166 340 540
36 8
66 92 403 441 446
65 359 474 492
47 413
50 26 63 88 290 441 475 537 601
67 78 480
56 558
36 48 664
28 4 340 372 582
26 521 605
60 175 318 665
61 239 251 381 507 644
51 368 511
62 124 518
71 7 566 592 783
80 328 358 452
19 136 182 335
41 166 266 453
42 89 471
74 3 13
42 158 160 232 368
61 8 440 775
51 21 43 81 577
30 282 320
33 14
42 445
20 706 796
51 272 505 510 544 570 640
73 593
57 597
51 75 288
45 30 165 357 466 740 769
58 382 531 605
16 113 213 281 347 634 738
37 31 89 238 700
52 445
47 142
33 212 322 740
50 433 791
82 220 443 577
38 411
53 15 125
86 246
21 40 221 499 564 735
88 145 275 703
30 654
19 151 319 544
2 364 608
36 10 88 116
43 38 88 716
53 247 255 285
54 624
47 106 323 391
52 414 683
60 798
20 25 154 170 501
58 159 297 451
54 615
64 293 399
64 326 336 677 727
57 713 770
47 323 483
46 278 398 454 623 721 723 761
16 96
54 12 132 323 403 680
10 172
97 176 180 352 685 721 778
52 57 148 188 225 232 405 629 784 792
63 212 603
49 672 708
59 124 194 701 708
61 740
54 208 240
33 532
56 211 736
82 149 277
57 107
28 32 72 623 633
67 657
52 102 128 761 782
89 172 362 398 777
51 46 233 590
72 58 562
61 382
83 44 527
65 101 606 690 703
65 100 131 251 303 501 695
23 51 303
70 187 558 631
32 164 345
48 161 494 527
25 622
36 2 221 338 609
20 135 254 590 601
54 43 167 215 569
87 39 317 346 583
67 327 330
16 48 564 615 628 656 744
34 198 775
65 142 413 507
51 161
39 6 326
43 1 155 338 724
1 159 282
28 59 402 546 782
54 258 277
37 326 551
36 748
79 615
54 155 156 398 450
41 8 70 285 347 748
77 351
69 26 377 551 673
34 129
70 434 583 623 660
36 340 563 659 714
45 515 543 756
57 102 617
73 142 160 207 232 259
44 180 578
66 797
31 584 659
37 206 299 351 421 592 757
58 693
72 114 186 623
58 86 227 271 785
36 304 332
32 661
44 144 209 299 366 435 456 582 771 786
20 633
60 108 500 628 752
66 63 223 286 408 751
35 258 365 401 588
60 264
64 43 298 439
17 156 693 699 702 775
30 92 108 586 691 743
67 45 95 211 666
53 247 500 517
56 121 313 490 603
35 130 299 662
65 53 562
67 751
46 272 680
38 11 77 121 138 361 709 710
39 197 517
30 435 574
43 315 683
9 37 220 224 378 533 735 744
57 519 587
67 349
95 124 291
55 227
35 211 245 248 443
74 258 482 684
60 772
42 269 273 401 676
46 159
44 228 233
38 175 685
38 347 538
15 167 507
54 13 486
42 357
62 61 308 312
59 654
58 379
81 674
43 57 102 401 429
27 495
66 454
64 194 320 647
62 114 596 676 681
62 110 197 274 324 601 618 716
77 51 260 408 677 715
38 82 238 658 700
64 488 489 511
68 662
66 105 153 309 517
54 290 374
52 277 320 740
73 763
46 236 241 420 503 618 799
60 213 235 577
61 471 733 758
48 441
73 141
76 255 287 536 723 745
30 447 478 741
71 131 607 752
70 194 248 458
63 42 257 351 398 483
59 361 425
81 173 289 536 797
34 237 549
30 172 454 488 734
24 309 589
60 450
70 300
54 105 115 223 458 639
25 329
48 73 516
55 175
59 426 788
40 185 513 743
31 78 133 145 218 501 507 690
38 20 214
49 286 653
16 155
62 73 643
56 17 80 398 482 643
65 281 288 620
61 294 464 569 714 761
71 321 340 756
34 779
70 558
60 178 193 386
64 270 714 771
66 384 688 738
50 200 246 732
48 153 190 210 225
61 81 214 470
91 220 250 259 280
35 59 280 342
75 95 230 295 469
80 144 198
35 9
30 618
13 397 456 524 560
46 497
27 266 374 432 478
4 354 558
45 119 241 589
106 273 285 409
50 50
56 628 661 700
76 505
48 62 494 687
41 105 565
37 83 394
59 23 743
20 41 774
59 168 487 672
78 50
32 181
88 4 23 173 646
16 382
36 35 129 151 360
31 129 315 330 481
94 330 404
30 4 147 274 343 429 617 692 772
40 373 777
54 675 733
13 105
63 662
37 38
11 244 424 443
44 64 306 381 524
43 531
85 196
39 406
38 500
50 206 526 566 679
55 306 545
66 673 788
18 415
80 47 195 280 385
87 92 646
52 172 680
92 388 592 606 712
49 192
35 323 457 723
74 73 284 723 770
54 633 757
63 302 382 581 795
53 117 466
71 39
29 34 480 746
58 142 179 391 457 765
70 19 153 238 354 395 410 541 621 696
48 525
25 365
82 129 486 612 755
22 242 298 766
24 107 259 445 714
48 359
33 436 459
30 725
76 117 135 407 634 752 770
37 145 170 400 494 622
34 427
62 346 661
76 295 368
47 673
45 252 423 456 533 597 608 610 734
70 19 32 215 360 381 530 551
58 162 480
46 276 477 552
52 195 233 618
58 189 441
35 781
48 84 241 402 707
47 212 570
63 67 109 200 420 692 761
48 92 114 557
68 60 191
42 282
49 770
65 201 253 411 566
48 154 229 592
53 45 68 133 306 468 664 773
47 146 257 368 531 640 660 682
53 725
46 247 336
25 188
40 574
50 232
33 288 313 599
48 13 89 133 630 732
70 385
3 297 348 402 526
40 636
66 606 707 754 782
62 71 775
65 75 151 183 217 670
77 492
87 58 75 513 546 746 789
36 101 659
59 1 432
49 413 569
74 205 394 479
55 785
8 259 364 508
48 588
46 266
61 363 502 577
95 707 765
32 77 145 676
56 361 606 613 759
40 76 134 217
63 268
49 239
42 256 442 492
53 256 676
69 161 312 387 773
57 11 222 375 715
45 105 131 345 539 554 723 752 758
25 153 439
19 649 690
69 746 797
16 741
66 4 95
64 210
30 102
38 24 206 249 314 728
57 287 318 405 636 736
47 42 283 665
45 171 172 513 720
75 21 26 552
47 16 67 437 650 718
58 138 214 220 292 692 748 764
44 171
35 540
71 196 234 304
64 22 333 494 648
62 238 390 392 578
56 535
28 613
30 155 213 340 351 460 639
78 225 437 668
59 133 330
80 262 276 313 335 441 524
60 238
35 391 704
68 9 211 353 594 602 617
48 388 435
35 270 325 438
54 379 435
92 115 500 617 763
58 110 340 608
24 241 706
19 89 99 250 500 551 563
48 218 687
54 6 11 133 517 542
63 205 213
70 652
95 177 268 319 320
58 72 211 607 735 758 786
37 38 59 317 373 535 629
20 448 456 683 700
52 182 542 595 650 746
19 121 388 446 713
37 388 656 785
58 195 283 325 738
33 213 388 653
16 269 378
29 179 726 795
102 20 53 143 479 579
35 11 624 746
27 311
36 89 303 382
75 134
42 421
24 266 428 461
53 335 450
48 353 454 544 621
69 4 263 612 769
52 644
40 81 247 466 619
29 352
49 205 236 242 427 595
39 99 222
47 30 655
36 90 100 243 577
50 555 761
73 784
44 274 630 733
46 330
45 101 684
84 16 48 393 559 584 656
33 7 153 251 527 740
59 338 500 767
28 119 292 670
28 595
5 86
83 37 148
31 137
36 100 150 181 283
76 456 591
37 73 350
50 42
33 78 246 643 660
56 1 366 756
43 90 610 730
32 256 413 417 700
50 62 338 377
18 544 609 749
58 17 57 93 131 137
73 31 435 455 570 739
36 116 133 756
55 180 214 347 382
1 236 415 515
47 130 152 793
82 15 256
19 157 561
22 50 145 426 503 511 608 729 787
29 272 704
62 677 723
63 83 130
53 213 243 354 373 696 782
46 709
43 18 404 624
60 15 234 311 331 460
56 269
53 434 541 591
70 472
48 254 737
66 19 401 626 736
25 287 380 416 610 611 659
15 292 485 677 718
81 423 590
87 559
40 15
38 44 95 205 309 518
23 104 227 321
39 105 344 486
32 25 149 370 562 713 767
17 570
47 205 791
48 340 391 576 713
82 134 428 529 608 651
68 655
58 691
73 300 432 524 640
33 462
49 86 252 306 563
35 222 588 590
69 682
54 83
52 246 383 435
77 231 281
48 239
25 291
51 402 773
45 486 768
51 677
44 66 378 457
37 183 373 397 482 722
31 125 661 711 742
53 12 14 136 280 361 756
36 226 287 439
43 464 563
62 578 740 750
42 134 263
58 630 676
51 510
65 59 157 562
36 39 146 352 361 634
61 403 546
62 315 453 562
46 83 658
51 170 260
62 363
45 195 253 294 485
45 272 511
37 23 87 123 210 468 538 750
48 494 667
58 182
86 239 487 736
31 178 391 660
55 555
79 31 364
75 268 358 461
29 14 81
38 48 114
44 397
47 242 467 579
1 299
41 105 124 785
56 147 451
94 488
63 148 361 463 485 552
47 508
10 443
47 520
56 158 180
44 137 308 335 430 529 780
106 260 300 606 691
54 584
28 375
60 20 306 619 674
38 78 374
48 302 389 794
68 204 297 366 476 573
49 204 281 311 496 646
18 0 454
86 749
7 169 362 620
37 224
44 539 589
44 7 353 361 638 750
58 90 154 327 511 784
33 445 627 653 665
38 250
81 382
26 154 343 435 738
29 275 584
45 128 129 593 631
36 361 761
1 525 699
29 68 111 500 506
48 213 244
44 96 445 754
52 83
19 189 699 705 752
52 35 471 575 771
56 198
34 68
67 32 689 696
41 155 512
46 727
52 24 235 254 261 637
78 85 337 652
51 216 406 561 724 743
72 28 120
36 42 141 233 520
86 144 158 187 485 673 771
48 64 377 587 707 783
62 153 674
41 443 473
50 454 463
66 343
53 68 387
28 11 633 694 796
5 432 461
52 393 662
57 753
33 100 468 495 679
51 16
54 139 377
30 661
46 169 267 323 773
48 701
40 79 118 258
45 119 294 519 657 762
41 181 360 560 618 719
44 315 409 487
73 283 740 752
36 41 59 64 92 719
51 107 268 753 791
61 641
93 19 313 601
47 171 263 458 787
63 7 27 79 579
64 345
36 77 115 210 319 666
70 689
49 14 197 418 713
88 51 181 636 712 727
6 700
40 147
57 398 635 664 793
59 234 280 648 733
31 488 687
26 53 136 354 370
64 140 663
52 561
79 293 465 735
60 168 581
102 204 261 521 622 767
81 231
124 265
56 144 227 378
53 273 751
76 248 403
38 282 311 322 450 699
67 174 674
49 642
66 57 713
87 330
31 89
62 764
59 7 256 529 538
48 13 118
29 546 576
46 235 275
42 393 486 658
22 232 562 760
49 70 187 443 589 775
47 283 554
32 171 524 619 693
60 206 366 403 487 539 541 684
48 292 470 758
64 221 344 593
49 25 331 425 577
30 32 591 654
32 189 556
53 3 8 111 337 409
1 46 255 782
8 194 311 356 375 497 658 682
61 570 592
58 19 391 565 655
60 403 521 792
35 47
42 121 323
45 299 536 584 651 705
44 570
59 363
71 504
31 109
50 466 673
19 576
49 2
69 231 571 715
39 102 739
23 0 14
52 79 401 455 590 596
30 87 90 405 565 674 727
21 683
39 180 598
38 142 766
54 389 461
34 79 109 283 355 752
66 297 516 565 584
52 322 385 459
65 109 503
40 209 384 445
46 8 143 381 528 617
48 105 246 502 513 770
32 157 369
76 482 575 721
63 724
49 159 196
52 247 635
74 109 764
56 121 269
39 625
25 11
48 10 221 474 547 781
34 66 125 398
55 324
19 26 570
67 63
1 142 371
58 355 442 489 670
29 258
56 57
63 698
49 414 676
34 21 563 744 760
33 61 172 206
58 161 233 565 639 733 778
59 341 352
44 488
17 235 675 687 727
40 31 370 471 611 785
16 774
93 490
51 15 62 80 222 320 487 536 571
7 549
33 120 140 419 525 543 578 680 734
66 696
45 114
37 124 389
32 144 359 423 793
41 147 294 785
21 80 290 470 501
46 433 577 604 756
12 107 125 306 311 516 599 634
63 32 195 306 564
7 314 345 466 700
48 214
27 248 513 728 755
41 141
22 257 395 561
70 582 758 798
60 6 193 432 623
37 139 792
59 455 715 758
19 69 195 577 613
69 141 143 374 558
65 199 390 672
71 663
52 229 350 393 536
31 50 248 353 440
57 38 768
74 63
39 347 740
12 152 278
58 67 364
83 679
66 333 564
36 114 516 670
26 111 206 365 793
41 614
91 34 78 92 278 500 757
51 531 635
25 46 235 689 784
71 273 530
11 66 505
27 18 285 455
34 26 111 402 541 674
25 28
48 140 644 699 770 780
27 72
68 554 586
65 106
53 489 522 798
83 42 205 429
63 214 315 610 794
34 109 178 296 712
56 266 424 464 496 650 682
39 14 457 527 537 738 748 755 760
43 5 137 175 279 685
70 207 230 494
61 466
54 39 252 650
61 443 508 686 697 724
67 53
66 536 635 652 675
60 143
64 225 357 637
79 127
59 296
70 70 482 628
53 101 137 160 268 270 363 373 435 609 657 710
75 538 654 732 775
43 73 345 399 468
67 76 564 568
8 126 365 448 634 722
35 215
24 28 97 401 461 524 726
41 262 375
39 416 512 788
12 361 481 520 537 644 664
25 37 43 793
54 227
49 29 46 91 188 227 370 603
53 579 585
81 405 485 692 713
61 38 370 469 667
25 654
50 38 440
47 158 452 666
19 95 122 130 409 446 473 784
61 247 262 575 662 697 714
22 471
43 132 215 682
64 740 775
71 115 214 288 433 623 770
20 177 762 793
46 343 603 713
70 4 307 454 473
14 129
23 60
36 234 446
55 8 32 60 452 786
55 147 167 271 273 553 738 783
21 461
38 317
65 93 249 258 521 595 607 630 638
39 30
42 14 283
87 343 711
57 148 428
27 197 507 618
69 223 773
58 96 391 466
72 329 573 649
35 206
45 57 442 491
1 562 607
65 744
22 72 125 480 563
41 257 541 592 634
24 108 130 171 365 396 624
40 164 290 752 766
65 148 254 510 742
62 3 59 133 430 751
56 58 127 456
58 77 192 302 418 526 668
40 553 759
34 54 308 466 521 535 581 631
39 526 577 763 799
29 11 62 118 446
34 60 165 185 194 340 614 680
51 453
87 183 581
66 75 417 418 475 647 665 669
32 100
50 296 674 749
31 91
54 743 799
104 174 188
27 541 737
49 518 668
32 320 509 696
54 122 204 641
65 63 139 263 393 416
29 721
76 413 439
63 99 331 337
52 757
47 175 288
64 166 231 315 552 677 774
55 341
17 209 613
79 170 439 499 622 671
40 243 279 408 545 641
63 672
66 202 470
57 201 456 588
17 244 460 461 643
57 548
16 181 609 751
28 163 243 357 573 691 795
55 151
55 89 114 192 323 482 667
76 697
24 250 379 489 558 626
40 344
54 153 432 719
95 146 173
63 23 52 136 306 478 503
13 36 53 165 228 283 612
14 207 693
45 686
43 429 726 771
34 391 420
48 275
31 430 594 618 621 628
62 8 351 437 769
23 727 750
56 399 760
58 156 294 536 555 678
76 200 313 785
64 262 456 714 771
48 63 491
49 407 554
60 46
69 316
13 81 793
86 262 389
48 61 122 612 630
28 137 320 350 390 592 606
72 35 227
12 408
80 205 206 297
5 228 382 553
50 444
74 230 376
35 108 624
1 151
51 70 583
76 228 368 412
71 721
32 407 555 722 767
16 99 197 768
84 217
44 317 371
49 10 208 463
18 258 365 416 434
42 493
43 131
44 28 56 330 428 534 537 538
19 59 353 643
11 80 487 568 765 791
64 283 313
12 673
80 16 464
28 194 203 595 611
63 26 208 271 753
1 59 254 344 345 497
40 184 329
72 115 689 727
41 206 789
49 451
50 143 496
59 197 240 270 439 649 694
22 790
51 114 262 509 733 795
26 105 309
67 326
47 54 523
58 2 16 111 130 147 484 745
84 36 411 699
57 432 563
68 506
67 415 428 773
71 232
80 569 676
39 7 287 375 645 746
48 501
50 204 208 325 687
39 266 365
55 315 332 352 554 601 787 791
30 42 408
39 139 333 612 644 664 691
47 502
58 101
47 315 374
41 50 451
30 428 576 778
15 376 558
28 57 262 313 341 353 601 643
58 418 505 611
74 313 338
58 29 92 382 508
28 370
39 115 575
47 141 305 402 553 768
35 229 471 630
60 274
47 514
45 87 157 545
22 202
37 303 726
44 25 244 675
46 243 499
15 176 297
66 468
26 204 318 379 733 789
68 79 210
6 165 182 191 364 426 739 791
51 22 246
64 0 78 189 197 303 361 363 386 502 712 729 771
38 111 143 472
36 350 509
47 360
36 150
32 523 699
27 369
56 158 755
42 75 334 503 664
62 249 470 581
66 264 718
53 539 553 599
29 272
53 54 190 449
66 11 213 536 596 619
67 225 319
30 180 247 705
12 52
87 268 429 715
36 414 507 558 731
29 40
65 166
67 326 469
50 214 531 772
34 7 37 44 269 470 703
30 784
15 637
59 140 299 683
41 336
48 281 450 516 539 724
45 183 321
64 150 520 694
30 258 604
69 251
55 171
71 682
81 65
58 599
16 234 571
34 281 549 667
37 18 456
40 255 281 646 794
59 199 743
16 72
55 259
55 515 679 752
35 249 444 668
37 96 138
53 347
58 96 308 504 580
47 479
17 322 381 473 544 700
18 338
34 198 288
66 16
26 429 580
53 791
27 20 267 397 645
68 241
34 162 178 181 444 758
42 30 140
37 104 201 304 449 517
50 179 249 349 572 705 771
38 562 722
32 754
37 495 550
37 138 377 607
49 553
44 33 77 377 507
69 156 314 560
88 54 331 492 638
13 60 568
42 503 693
34 462 607
42 203 398 458
35 354 424 703
52 329
1 155 331 397 466
77 33 74 76 159 396 496 740 763
46 245 266 416 777
40 302 600
47 80 639 759
82 74 347 417
38 535 613 676
83 54 186 285 378 592 721
58 247 289 764
18 180 205
55 464 784
66 153 609
17 212 476 651
56 489 785
51 183 211 588
48 544
26 37
80 9 108 140 171 198 201 256 325 437 785
52 33 34 184 270 323 368 549 692
47 5 28 343 390 464
74 7 81 527
46 601
38 110 117 184 347
66 98 307
62 245 368
45 204 233 507 781
33 101 424 517
99 480
35 532
32 310 577
41 114 388
99 178 327 413 604 642
53 254 397 485
37 46 61 194
65 247 327 384
25 406
43 248 414 557
66 652
5 230
50 178 225 498
67 58
52 760
54 402
64 655 799
52 247 455 727
34 571 572 594 745
55 216 342
65 425 558 738
26 2 288 493
44 50
58 228 435 760
30 498 499 769
58 8 460 616
12 164 249 335 743 758
61 365 633
63 620 683
25 3 20 99 554
67 57 93 200 434 485 600
67 395 498 745
62 128 173 625 635 709
28 215 749
56 78 380 502
55 432 670
58 354
38 228
49 177 210 594
91 444
49 47 235 385 686
28 218
49 75
40 519 748 770
54 311 738
34 193 203 250 255 515 747
52 159
48 396 501 776
77 484
65 26 108 472 557 656 699
77 352
36 40 473
29 621
72 421 480 609 736
36 543
49 332 429 538 685
72 409 424
35 228
72 46 212 501
41 67 436 586
61 182 199 459 497 713
