500 3000 9685
24 425 491
19 36 341
16 421
23 261 328 478
19 42 124 452
20 16 164 165 338
28 101 181 204
27 278 297 324 336 389
18 164
19 433
10 212 371
13 232
17 18 269
24 308 328
18 169
18 226 294 396
15 127 138 175 177 418
4 2 325 350 395 399 463 469
16 11 230
22 181 383
12 44 111 129 262
26 61 220 274 298
27 257 369 415 426 439 477
9 34 63 94 167 192 234 277 310 356
27 199
11 160 192 199 249
28 190 266 313
6 12 53
25 58 428
28 444
28 422 424
10 49 118 334 445
20 139 426
20 61 72 83 353
16 324 431
19 388
12 131 224 331 496
20 183 358
15 72 146 219 302 415 499
20 332 436
14 53 105 116 294 447
12 495
4 49
30 154 187 232 291 320
28 65 104 139 186
24 150 336
14 119 238 361 457 491
16 100 106 420
29 75 375
15 186 496
29 207 371
5 8 132 317 343 376
24 93 148 187 261 393
23 181 234 404
21 12 309
17 275 322
23 8 321
23 459
20 253
22 110 400
35 106 218 378
24 196 312 390
15 235 322 382
12 84 95 161 322
26 199 369 490
25 83 272 352
14 3 17 132 193
20 20 113 276 442 462
12 28 188 391
20 335
14 29 310 403
29 120 142 300
28 49 77 239 242
22 236 321 398
28 412
34 153 199
10 239
17 215 312 403 443
11 132 133 321 362
18 162 192 365 453
19 305 353
19 57 262 431 469
22 11 243 348 384
21 141
22 145 350
23 306 447
32 129 146 251 332 418
18 186 202 217 343 390
24 98 172 200 243 452 456
23 72 399
15 17 122
30 105 108 153 246 382 437
26 64 178 215 283 347 390 460
29 304 346 392
26 122 333 412 415
16 41 94 179 209 237 318 328
20 449
21 48 299
12 43 57
21 421
17 114 358
23 77 117 188 387
23 194
11 24 121 235 343
17 247 264 307 420 488
27 105 261 348
30 0 157
17 89 160 308 499
23 131 139 256 325 364 474
10 38 213
18 141
10 118 322 328 417
14 292 399
20 86 140 241 300
21 52
15 381 482
20 150
18 105 154 309 335 338
12 54 60 416 451
14 146 336
23 335
24 108 183 386 391
7 25 85 453
16 429 455
24 470
13 88 243 263
16 224
17 22 354 405 482
24 33 303 429
24 428
25 60 195
24 95 375 461
2 226 284 366 381
29 405 421
19 166 358
13 16 173 190 426
18 102 198 363 423
15 57 233 478
7 11 417
23 191 273
21 382
6 197 470
14 0 42 392
14 78 109 466
19 34 107
15 33 92 245 333 462
27 69 420
14 8 139
13 369
24 440
27 306
18 88 93 223 346 384 471
17 154
13 120 196
23 15 410 428 483
18 130 486
13 186 306 442
24 138 431
14 207
32 11 292
28 88 99 152 384
2 304
19 299 499
24 4 62 345 385
33 431 451
16 88 177 280 333 365 477 480
15 146 461
18 37 68 473
21 188 379
6 135 145
18 63 92 458
27 285 457
24 83 161 214 476 499
18 61 104 215 270 470
26 18 125 138 215 246 359
17 76 117 296 347 451
18 120 242 300 311 347
16 315 335 341 351 480
12 37 110 199 236
28 225
21 261 304 497
11 62
16 172 309
23 58
18 21
20 28 125 316 320
19 2 428
24 4 201 203 384
21 141 329 370
4 213 360
22 20 113 122 127
27 58
19 9 48 185 269 384
18 369 374 464 489
25 344
11 92 295 474
8 33 73 165 217 314 335 356 374 431
39 254 397 435
26 90 209 323 395 407 471
27 17
34 11 434 448
19 166 314 429
11 99 116 204 263 379 437 442
15 10
19 20 36 39 40 277
23 311 338
35 55 174 469
30 23
21 173
2 58 77 169 252
21 114 123 140 486
9 118 452
17 207 276
22 56 227 255
27 34 150 260 340 387 498
1 51 56 128 141 192 221 464
20 78 473
17 299 431
21 329
26 114 187 346 448 454
26 181 189 313 331 443 492
19 203 322
18 210 266 389 463
33 91 97 235 329 360 443 456 464
10 90 176 232 347
26 5 164 178 206 229 465
22 32
17 61 300 364 461
24 294 483
21 93 452
20 25 75 264 301 371
18 63 73 132 369
23 279
10 8 145
11 2 153 289 294 332 352 364 385 390
21 260 380 437
32 82 107 348
17 290 439
19 58 77 115 185 324
8 173
25 365
25 329
32 248 368 490
13 147 364
7 16 40 63 494
22 410 474
20 2 104 255 356 406
14 38 219 234
41 287
10 127 385
19 488
17 153 334 367 441
10 86 206
26 165 473
21 223 322 392 425 454 489
14 99 389
13 76 274 386 407 450
21 110
8 99 138 267 338
15 40 53 221 248 288 406 473
26 10 40
19 320 409 436 465
19 54 84 132 429 464
12 286 425
11 69 235 463
20 86 340 366
21 214 276
22 156 221 365 459
18 152 467
24 26 148 162 270
13 27 247
19 39 42 397 491
17 248
19 431 439 479 489
23 290
22 65 189 222 275 325 426 433
25 17 277 336 488
16 71 458
10 104
20 244 378
12 152 173 485
1 309 349
19 203 372
15 236 267 325 362 396 476 481
21 188 254 401
28 141
29 15 112 135 163
27 161
15 108 116 286
26 167 168 306 413
20 87 211 424
23 328 460
18 286
17 167 251
23 179
26 278 325 345 409
16 362 452
20 469
15 171 398
16 35 63 339 375 471
15 97 261 287 415
20 94 95 269 485
15 91 425 463 471
16 320
20 254 366
26 137 245 393 404
30 309 463
34 75 135
13 66 485
12 51 151 317 362 440
24 278
13 23 24 238 384 481
15 1 256 318 320 326 359 368 430 451
22 25 94 160
22 86 122 328 427
12 308
19 360
33 34 139
11 94
22 241 326 428
30 164 363 396
16 241 248
16 440
12 101 130 351 356 437
25 125
21 131 183 268 418
30 372
13 68 191 337
19 100 271
28 37 470
26 43 128
28 289
25 219 450
11 217
28 251
20 140 162
22 21
28 462
21 216
16 200 360
21 401 473
21 159 422
34 81 206 471
19 152
13 1 333 466
38 200 293 456
9 324 352 418
29 10 467
9 42 409 441
17 104 416
17 24 112 367
21 96 164 167 320 487
16 11 87 276 318 370 466
1 172 181 280 285 447
7 137 174 303 424 433 452
13 132
26 142 458
26 139 335
20 139 280 283 427
30 293 459
20 85 88 107 207 215 248 264 469
7 266
10 486
14 437
13 271
20 64 155 426 447 469
20 376
20 171 448
22 4 427 474
21 52 63 188 361 423 472
12 126
31 171 419
11 52 316 483
22 221 435
8 205 487
26 30 261 364 411
24 58 79 109 232 492
26 162 174 240 263 285 477
17 51 372
19 82
13 403
24 14 153 460
13 206
10 420 448
28 27 45 118 119 227 343 369
12 232 489
22 38 62 90
25 21 449
35 12 174 374 407
23 409 419
21 60
19 9 32 59 278
14 26 270 316 358
10 48 476
17 41 237 451
27 125
25 74 91
23 243
17 424
17 107 146 452 461
27 88 458
14 281
13 142
11 232
16 380 470
18 25 47 171 263 314 339 356 459 469
20 197 267 278 381
29 228 243 395
17 126 328 332
18 20 24 199 238 313 418
26 20 130 173 244 373 456 466
20 11 196 214 382
16 89 239
4 52 348
21 290
39 106 168 217 300 487
25 334
17 162 318
6 34 39 111 158 379 455
31 408 467
26 299
19 349 357
14 22 45 79 106 166 168 300 347 488
22 208
19 91 112 147 180 185
28 492
22 333 393 396
28 71
28 182 197 296 499
9 32 68 271 278 492
16 246 396 469
18 62 84 163 177 195 290 364 376 386
39 22 191 292
29 18 312
12 194 426
20 157 198 413
24 410
17 14 78 111 117 136 153 237 334
23 268
31 57 156 170 386 473
16 13 330
32 298 332
24 26 91 282
21 126 342 393
26 84
27 117
2 126 226 308 410 442
8 151 299 486
17 15 138 140 293 322 413 465
18 47 157 162 392
11 14 149 467
23 34 194 390 426 470
18 45 79 199 291 463 485
20 300 365
20 61 82 105 376
14 61 204 222 234 274 364 421
18 66 187 215 228 326
7 422
19 303 337 358 433 487
15 27 439
11 372
17 186 317
9 280 365 470
23 336
28 433
34 161 209 325 450
31 119
26 296 454
11 61 104 134 248
31 37 167
15 21 234 265 296
11 98 112 487
17 112 226 232 489
18 370
17 398 427
25 86 279
10 476
9 84
29 283 407
16 9 139 419
28 188 383
13 15 37
15 151
18 30 80 161 339
29 32 284 419 442
19 165 397
5 262 265 309 321 417 448
22 1 52 196 427
19 423 484
19 2 83 95 190 260 269 339 400
20 299 323
17 142
11 34 226
20 19 33 489
14 0 214 318 481
33 18 65 259
15 405
15 198
22 148 158 177 325
21 71 154 183 425
21 40 120 412
17 13 110 174 234 298 378
15 226 424
20 210 253
23 152 256 331 334 343
22 141 210
21 362
24 21 58 84 137 177 183 383
22 96
23 279 406
26 88 191 351
13 32 130 263 291
24 54 474
31 97
16 315 494
13 39 50 298 329 357 375 498
33 280 464
25 10 35
32 123 168 323 373
13 99 284 302
18 94 374
15 115 466
28 277 281 325
18 110 247 324
34 272 384 435 441
18 446
23 15 69 201
19 252
5 73
15 468
25 368 369 412
13 63 161 475
24 165 470
14 246
13 4 200 391 404 420
13 28
24 20
26 20 93 348 457
13 156
28 216 422
21 140 491
21 376
16 229 261
24 150
13 9 180 228
10 190
15 132 147 184 228 402
30 16 47 159 269 387
28 63 230
13 71 142 173 354 395 421 459 470
15 93 224 313
22 265 403
18 224 406
14 184 200
15 18 63 78
9 383
15 185 365
17 110 129 134 480 497
16 61
18 47 69 138 174 194 453
16 102 355 428 474
26 214 257
19 372 433
16 87 198
30 10 91 173 327 386
31 288 342
33 140 372
24 470
20 228
26 181 304 395
29 131 144 329 417
19 314
21 325 434
18 90 268 324 345 485
16 437
17 287
22 327 412 485
27 137
29 156 197 309 449 457
21 145 382
16 100 110 168 296 395
18 67 189 422 464
13 38 234
2 323
27 315 342
18 39 482
17 383
15 296 374 408
7 475
29 27
36 176 239
25 65 115 132 279 364
28 385 388 422
11 383 497
24 104 461
31 466
14 87 246 440 493
16 52 62 385
13 111
18 64 331
20 67 181 223 304
21 452
23 499
29 296 377 475
21 415
18 348 478
13 100 468 492
21 23
14 12 28 116 178 433
22 27 82 101 267 422
22 119 194 346
26 363
26 235
31 98 222 495
20 310
20 185
18 6 9 65 89 206 232
28 13 348 447
22 120 276 349
15 370 475
16 27 373
16 71 185 367 484
15 6 301 321
12 102 267
25 222
17 413 445
34 147 244 498
23 131 400
27 185 260 282 358 416
17 488
16 155 185
25 26 27 96
27 247 305 388 431
19 168 421
12 348
14 7 24 57
16 25 77 181 308 350 396
13 74 267
15 114 121
28 91 321
24 111 394 480
7 56 408
27 369
3 41 48 56 71 121 152 161
17 262 416
28 61 161 265 478
12 13 14
12 58
19 115 258
15 217 226
25 339
29 45 66 79 273
18 208 395
15 17
23 304
9 112
20 9 18
26 112 377 387 417 418 459
15 377 469
13 95 200 281 323
13 88
26 317 319 369
5 38 121 338 428 494
20 13 283
20 173 220 401 427 498
23 178 191 344 414 450
15 280 319
18 254 463
19 315 391 423
14 435
30 112 320
17 216 279 281
21 235 338
10 46 74 135 185 307 428 443
19 110 112
24 268
21 143 253 481 496
24 60 179
32 122 132 156 157 238 343 460
25 384
15 21 159 186
17 491
20 43 145 300
16 67 115 132 157 478
23 4 110 385 490 496
25 279 368
16 210
10 350
27 125
21 142 227 465
19 173 235 331 489 492
14 52 340
26 3 215 244 308 363 470 479
17 148 322 457
12 284
13 49
19 21
12 193 323
21 499
15 158
15 110 165 273
17 67 187 377
19 155 347
17 496
22 398
20 63
23 3 154 332
17 25 169 223 340 377 433 440 498
24 30 97 262 467
27 2 124 201 347 349 369 466
15 67 74 481
25 364 368 389
8 118
11 145 182
40 419
8 180
18 204 320
29 50 339 350 454
23 200 233 320 414
16 171 197 230 493
23 27 215
22 231 445 470
19 17 343 374
24 20 142
25 133 171 429
9 20 160
28 26 442 494
22 9 266
22 21 62 427
28 227 307 416
22 19 111 134 228 379
30 181 238 334 440
21 149
13 17 73 492
18 153
18 86 132 220 251 339 430
23 186 377
25 68 74 165 207 320 411 453 494
27 0 94 330 345 392
22 303
12 256 288 365
25 11 102 346 359
15 5 409
20 326
15 120
20 45 138 261 324
14 169
14 246 280 341 479
7 75 393 424
17 264 495
3 18 322 440
28 12 293 306 389 495
20 352
18 78 441
18 41 117 204 299
16 84 462
14 87 170 438
23 1 79 270
29 285
20 102
9 70 192
22 183
11 81 207
22 213 291 389 470
11 220 381
21 12 185 236 288 353 416
13 351
10 385 396 470
37 9 174 269 369 436
17 175 319 336
15 245 325
8 288
29 40 112 305 335 376
9 161
19 154 276
15 465
19 361
17 483
16 322 339 380
19 195 226 377
12 31 416
22 162 335
30 225 284 403
20 370 460 463
15 388
26 371
19 391 494
28 74 83 106 223 239 306 316 389
19 3 125 262
9 60 257
20 175 243 293 377 410
15 294
18 62 208 309 317
17 240 241 309 442 494
13 142
16 73
41 445 489
26 162 316 488
24 61
32 147 334
29 43 176 468 474
24 71 409
26 144 188 312
19 185 201 252 258 389
20 124 223 305 365
21 134 329
23 470
17 59 77 281 347 366
19 54 444
14 324 452
10 26 75 213 298 320 336 383
14 6 92 180 258
9 141 400
23 51 216
18 374
12 62 103 291 445
24 152
2 121 303
28 226 320
26 176 487
19 68 113
17 49 53
28 312 385 485
16 105 123
27 91 172 177 282
27 121 134
29 130 481
16 337 483
25 96 182
25 163 219
21 6
5 37 304
25 336
19 217 253 439
29 122 317 342
21 134 475
14 323 430
19 191 412 456
7 51 137
21 25 478
18 2
25 232
10 41 52 226 327 404
17 444
22 7 94
14 128
36 35 100 104 223
25 95 146 177 274 441
15 157 301 333
2 156 292
23 354
12 10 278 279 299 422
18 115 234 405
10 146 385 474
19 157 385 457
20 44 150 354 417
31 113 146 202 302 323
29 23 178 415
22 21 76 212 426 440 442
21 151
18 244
38 166 268 404
12 220 307 344 356
24 98 397
16 242 432
15 69 420
27 462
18 85 212 298
28 347 397
13 164 165 229 320 404
20 366
17 208
34 167 283 285
29 2 131 132
16 130 292
25 112 209 221 225 403
25 202 314 337 339 364 397 446
18 28 64 377
20 9 436
12 112 130 191 246 356 460
17 75
21 254 298
22 62
20 246 302 345
30 142 156 168 429 451 489
22 267
23 441 444
14 79 174 262 321 397 487
22 383 498
13 84 186 253 325 354
33 232
27 165 381 454 487
13 441
17 207 471
12 109 148 227 259 311
22 75 110 146 191 212 253 380 484
23 50 167 366
20 133
22 30 206 310
16 96
8 7 208 402
22 328
26 317
10 435
9 263 267 279
23 306
14 83 338 424
17 321
27 146 270 296
24 105 167 302 323 445
18 156 497
9 384
21 42
15 115 266 446
28 44 321
18 93 112 121 455
33 123 178 419 430
28 10
14 36 68 372 394 455
27 317
26 141 214
13 61
12 60 337
8 245
1 81 168 175 216
25 68
27 10 147 170 190
14 212
19 136 171
6 46 193 216 335 394 488
24 51 99 322
22 157 374 447
34 271
20 109 261 482
26 365
18 384
14 15 177 328 396 401
15 111 209 239 269 311 481 488 491
5 384
8 82 433 447
29 359 393
16 4 23 72 190
14 121
4 100 354
11 377
15 190 310 390 488
9 181 219 283 387 426 443
17 293 332 377
26 279 358 479
15 92 395 399
23 206 226 428 487
30 11 204 310 322
8 124 284 425 453 483
14 67 383
24 50 350 384 482
12 158 225
24 158 301
24 283 379 403
3 1
20 5 20 37 55 122 126 199 335 424 499
14 120 160 349
16 73 285 444
21 476
10 2 86 105 312 338 361
12 58 245 361 490
22 44 152 235 316 429
16 285
35 322 402 437
30 82 200 385
20 281 364 373 405 480 489
17 87 101 209 229
26 211
25 246 386
17 146 242 282 343 427
20 34 282 300
23 295
25 159 278 371 375 398
29 67
34 39 326 378
23 237
17 23 87 100 155 418 457
29 78 158
16 142 163 238 465
26 25 78 174 249 460 482
33 8 155
20 56 130 188
9 37 46 48
24 219 328
24 349
29 295
14 69 181 201 204 223 242
18 333 438
15 52 103 199 349
11 111 374 475 488
17 256
20 81 96 306
23 245 257
19 18 323
20 130 244
19 4 376
13 312
35 33 481
22 291 313 381
22 289 297
20 8 46 53 67 79 145 156 406
23 51 97 115 466
15 3 124 173 194 245
12 105 284
19 0 365
21 122
19 106 318 339 373 388 419
10 18 22 45 63 77 223 268 312 427
17 18 131 357 405
20 22 114 177 209 376 401 406 462 489
23 283 353
4 181 277 351 421
27 57 180 274 279 383
14 21 57 75 287 318
15 162 217
18 100 266 377 437
10 376
33 163
14 492
38 242
19 255 323 341 411
12 5 25 246 270 357 413 479 482
27 29 177
19 132 213
17 7 206 220 257
19 130
29 431
27 286
6 31 79 85 198 382
28 297 326 361 478
31 17 226 227 234 287 317 320 406
11 275 344
26 149 246 302 382 406 475
22 345
9 119 122 245 250 289 299
21 20 208 303 317
23 293 387
12 392
25 221
26 148
15 35 82 300 317
10 499
13 56 61
15 151
10 260 347
15 22 66 114 393 455
22 46 151 183 411
14 99 276
14 445
16 165 369
35 155 163 363 384
20 175
27 341
5 133 210 417
14 150 173
23 65 128 295 316 388 425 494
21 32 172 352 474
12 215 274 400 473
35 120 302 459
13 182 458
28 26
25 101 353
1 476
20 221 260 348 413 485
26 12 47 70 117 204 263 285 368 447
21 73 97 123 346 347 386 404
23 67 241 319
19 171 293 319 333
20 13 163
25 85 141
15 374
33 94 111 241 279 284 327 358 428
24 366
24 20 400
32 25
23 40 483
24 407
25 160 352
18 193
21 12 159
19 362
7 269 370
11 166 233 304
15 191 219 336
23 0
17 257 260 477
15 89 495 497
6 435 456
28 101 115 131 435
32 58 179 491 492 499
13 132
21 120 248 428 498
24 114 185 235 363 481
18 330
28 69 168 188 296
16 113 150 201
31 227 332
29 422 467
26 117 494
22 211 297
23 1
29 75 343
11 146 448
25 129
33 159 192 287 301 386 424 481
17 279
18 174 191
16 79
12 449
38 3 398
22 41 52
16 282 431
28 229 378 443
3 169 274
19 214 299 408 464
15 203 317 434
19 32 479
9 396
24 93 250 297 321
16 52 240 429 464
13 146 330 337 361
15 128 150
12 68 272 306 440
30 183
28 158 225
27 9 46 402 467
31 10 248
20 112 365 413 496
10 23 68 72 273 338 398 424
7 50 214 217 391
25 109 174 263 361
12 85 448
15 62
25 354
10 417
26 166 267 381
21 103 159
12 22 94 138 201 236
13 331
22 272 368 461
19 43 232 277
20 63 282 390
14 125 160 163 392
14 5 12 182 271 422
29 66
20 177 338
22 456
20 428
30 17 52 119 227 265
25 77 293 350 415 456
34 127
25 141 352 397
25 12 105 170 402
13 11 12 170
15 357
29 42 151 330 416
22 409
10 58 88 151 167 421
21 15 390 408 483
10 2
15 22 127 336
35 69 415
24 424
26 10 59 344 410
22 51
24 144 158 183 213 466
20 164 273 301
20 165 478 479
24 8 230 315
22 108 348 395 447
13 18
18 384 452
17 43 166 364
25 37 393 495
23 223
29 52 104 132 153 209 243 364 395
8 309 312
29 265
23 363
33 220
19 257 340
26 11 101 270 309 384
15 153 463
11 320 379 413 488
15 131 227 307 425
13 154 272 357 487
13 240 245 371 422
18 208 281 351
23 14 409
15 310
15 57 194 337
28 32 119 477
34 179 273 444
16 18 326
24 74 455
23 55 277
9 300 409 433
31 154 333
24 8 44 60 84 147 214 345
23 40 177 276
22 139
21 49 382
32 80 369
23 28 35 183 440
17 157 396 397 430
18 330
14 282
11 32 69 481
32 224 291 419
19 41 85 202
22 307 414 416
22 137 152
27 63 388 406 495
21 342
18 421
10 65
28 81 462
34 64 340
9 184 414
28 376
22 139 333
14 0 140 250
9 179
12 50 170 292
16 109 349 364
28 31 32 280 392 495
15 65 107 382
18 49 498
11 385
12 51 175 233 251 365 400 457
17 126
22 203 371 404 463
31 27 118 149 169 431
9 184 264
30 409
19 6 13 376
17 70
10 199
20 310
26 483
22 131 263 407 432 455
36 1 357
11 26 122
12 24 218 293
17 52 129 289 336 445
8 286 346
22 22 305 448
18 21
16 378
27 65 274 370
34 320
30 12 179 202 247
19 131 304 338
18 259 325 474
35 13
22 27 251 336 412 475
20 93 475
25 150 220 372
19 170 328
30 263
9 77 92 486
19 66 272 300 392
13 0 159 180 249 474
11 130 326 392 430
22 446 498
9 41 60 389 482
11 2
22 15 170 320 470
14 223 373
25 462 474
28 193 279 285 364
19 24 166 299 491
22 241 270 458
19 58 177 194 312 337
24 277
27 149 293
18 161 270 470
19 86 89 307 442 460
34 32
13 140 197 427
19 219 422
27 159 192 255 277
19 27 237 386
22 79 187 252
16 114 206 256
10 58
11 77 404 479 484 499
24 494
19 14 87 192
30 29 113 192 193 463
12 291
26 241
14 113 142 279 437
24 105 354 362 371 385 409
15 36 78
22 149
18 170 274 327 333
20 342 348 462
5 34 71 155 195
22 84 133 166 243 334 371 393 396 438 464
24 479
17 174
10 495
13 0 219 492
20 60 153 201 449 490
24 314 345 355 432
16 96 162 180 239
20 150 182
24 179
38 2 38 363 393
10 0 162 205 267 278 306 415
32 146 228
29 324
24 194 272 305
22 84
19 69 241 305
11 5 196 213
3 86
25 381 399 453
17 489
5 4
13 197 301 467 471
8 310 398 416
24 326 499
9 83
28 61
27 11 65 123 395 406 488 494
38 342 358
11 4 478
12 49 151
19 24 72 187 234 353 477
19 253
26 110 129 337 407
26 273
16 2 23 25
6 104 156 170 228
25 4 25 90 173
15 40 136 154 253 333
27 80 120
18 23 30 96 202 276 307 435 454
19 455
23 378
13 352 414
20 0 256 360
14 157 225 252
37 62 276 452
14 212
19 36 37 375 419 460
9 252
22 116 146 483
35 280 292
16 344
18 111
10 398 428
13 3 78 381 455
17 29 353
10 149 190
24 27 355
15 15 33 37 196 402 491 496
23 155 210 485
19 77 192 260 297 368 451 455
22 57 400 436 441
23 75
19 185 236 440
22 14 23 251 348 474
11 226
8 495
22 183 460
20 24 33 70 71 83 125 225 271 381 486 494
13 164 451 480
11 485 488
21 155
20 130 283
22 264 420 470
18 164 326 444
17 425
9 40 196 258
19 217
27 343 420
6 41 79 103 223 395 421 448
23 131 139 364 412
24 68 218
30 6
7 130 166 467
29 91 121 292
25 83 101 204 243 303 424
25 155 256
1 22 62 174
18 220 454 460
20 21 91 170 301 390
23 110 146
14 201 310 441
19 83 422 484
12 113 198 460 473
14 26 430
25 225 389 482
19 143 159
20 453
21 66
9 452
21 41
14 48 228 296 322
24 176 209 262
21 119 364
20 37 80
19 151 384 458
17 88 347
17 210 378
19 33 295 457
8 353 436
6 135 198 207 420 441 449
24 339 440
12 63 231 235 279 417
9 309
24 45 191 200
20 488
21 58 244 311
11 13 214 404
15 98 352
29 197
15 115 130 248 346 396
11 105 299 441
22 126 202 286 305 337 344
18 231 310
6 499
18 105 362
29 11 96 275 329
24 137 178 481
37 307
17 121 155 200 236 255 372
18 66
15 154 476
19 172 274 450 473 487
23 212
23 45 142 219 340 438
24 264 347 363
21 259
18 62 214
9 267 333
26 85 429 434
16 41
21 43 181 326
20 427
34 354 390 405
33 54 68 409
44 22 224 342 350 407
28 14
21 154
23 255 256 277 357 405 420 499
26 204 463
7 56 312 333 467
20 163 220
24 6 26 165 170 324
13 97 273
22 72
17 291 424
16 108 121 149 201 239 242 267 343 491
23 325 406 445
24 90 138 437 445
18 273
17 384
32 16 59 66 355 383
18 198 293
12 173 356
12 187 188 286
20 20 220 279 347
26 34 145 365
11 76 167 354 467
16 186 205 268 394
24 0 26 36 166 253 456 499
26 302
18 473
22 50 90
16 255
13 29 100 209
11 152 434
27 180 227 283 319 415 480
14 83 316
30 382
29 155 192
25 65 123 129 183 354 365 490
20 46 447 481
13 269
18 32 410
12 1 75 89 126 201 217 278 392
11 92 131 141 238 346 352
25 24 114 156 231 280 387 425
31 138 167 239 264 410 440 473
23 206 278
7 390
9 158 277
25 406
23 113
8 328 340
16 346
24 57 169 256 259
21 316
21 14 410 413
27 41 59 131 209
11 30
20 12 140 145
23 368
15 90 135
23 155 198 389
21 8 136 229 463
21 183 229 321
19 172 301
25 494
16 16 48 50 105 128 221 227 361 394 462
19 34 370 372
34 382 393 406
25 70 77 409
3 229 451 495
12 77 269
29 150
15 23 101 125 182
37 54 95 355 392 398
22 21
37 92 114 409
11 85 149 197 253 356
31 73 158 488
7 58 236 383
15 302
24 223 329 342 420 478
25 79 130
14 46 355
21 286
31 372 374
17 21 174 358
16 113 149 198 284 300 338 358 407 494
10 50 117 211 319
27 47 168 256 300
23 21
17 71 265 312
27 66 126 377
18 305
19 125 195 331
16 75 369 434
15 173
21 233 402
25 86 247
30 80 396 409
12 5 81 91 406
11 144 457
20 467
9 24
24 205
25 187 360 486
21 187 295
23 143 322 395 467 476
17 35
29 3 178 495
25 489
32 108 291
23 51
16 89 306
20 47 52 98 211 263 342 415
25 4 156 224
32 366
22 225 346 421
31 271
13 294
20 41 53 190 425
19 291
12 29 252 428
24 15 17 53 485
32 363
17 208 224 339 385 495
10 290
14 332
29 68 273 316 373
19 240 442
26 130 225 256 273 300 441
30 22 315 417
16 293 413
22 89 393
23 49 347
16 19 216 288
28 493
30 97 130 217 257 376
8 115 446
16 33 328
22 259 262
30 213 366
16 72 217 319
22 198 236 365
14 194
15 215
21 159
20 118 166
29 87 93 357 426
20 152
20 82 324 482
10 356 415
25 315 497
28 310
16 10 73 209
8 60 113 317 412
7 451
6 51 63 201 224
27 20 277 472
27 165 462
37 397
13 81 321
16 205 418 446 474
34 31 197
31 165 246 295
26 71 119 212 243
13 77 253 272 380 413 460
21 422 433
23 11 84 375 457 461
19 189
20 97 435
19 64
17 157
31 35
24 424
19 4 254 291 381 434
12 5 290 435 480
16 150
12 342 439
11 204 371 425
17 93 312 325 337 378
28 24 164 215 250 407 409
25 42 258
21 215 301 308
26 42 92 273 496
16 61 433 454
18 49 165 329 351
26 16 416
16 55 93 282 419
18 31 284
1 194
20 111 280 284
28 254 420 444
22 62 384
18 432
23 59 217 481
24 1 39 61 359 488
24 64 102 113 182 433
20 131 235 410
18 81 208 263 301 347 491
7 397
9 99 168 256 355 364
21 257 401
27 222
15 428
24 297 357 406 437
29 168 196 459 467
19 236
30 327
5 135 180 245 348 373 426
24 248 407
20 96 451 467
11 193 434
13 16 430 488
13 164 368
13 430
12 35 65 81 121 337 395 427 476
24 463
22 102 322
13 222 289 335 433
8 488
27 75 458
17 59 263
26 35 66 170 173 224 244 384
32 35 52 288 316 454
14 124 211
25 161 321
18 26 259 386
19 191
12 131 138 204
8 163 249 377 378
16 69 80 196
28 463
20 418
19 81 139 162 200 214 462
24 289
11 245 283
10 93 206 214 437
7 29 50 232 468
16 135 184 356 439
15 311 327 396 449
31 13 135 180 201
17 28 33 408
20 166 205 340
28 442 456
17 71 365
32 327 353 482
25 91 145 324
26 42 96 108 355 384
23 145 226 489
21 8 135 402
8 22 43 121 126 131 143 156 255 299
14 112 145 224 275 475
13 84 173 248 460
12 416
13 163 230
19 270 423
23 67 140 159 322 362
20 168 353
25 143 485
19 92
11 453
20 126 142 158 190
17 271 299
15 145 243 379 486
4 105 378
29 40 91
13 9 100 297
22 33 54 87 262
26 79 105 323
22 4 90 404
14 71 127 226 458
20 441
29 189 297 403 442
18 189 381
25 70
16 10 209 261 450 496
24 297 310 496
21 160
23 10 227 404
24 208 426
17 28 91 93 308 347 376 440
32 119 157 330
15 149 224
15 122
25 155
19 53
23 93 218
7 230 269
18 32 71 80 252 495
25 101 227 442 486
26 175 251 349
12 115 295
9 137 151
18 143 457
23 9 352 406
13 246 253 430 467
23 156 438
17 211 326
22 409
27 275 313 341 346
28 284
34 122 178 433
19 193 268 349
18 480
22 220 448
17 22 93 310 440
18 17 64 120 223 264
25 354
21 8 190 223 233
19 106 174
10 210 305 365 393 460 475
38 87 142 280 319 364 385
22 193 275 338
16 110 179 213 348
20 56
22 324 420
13 69 137 196 458
11 205 364
21 218
8 231 359
14 345
16 317 368
31 472 482
29 38
20 140 406 467
30 405
18 81 151 268 297 460
25 28 76 175 405 473
8 377
14 290
21 29 130 257 438
18 34 168 180 306 333 339 385 421 440 461 474
15 297 328
11 7 285
17 21 143 223
27 327 391 494
22 85 208
22 173
18 100 161 294 379
27 36 40 465
18 239 249 353 453
12 28 189 274 280
22 20 60 163
25 293
26 13 272 299
12 5 160 286 333 422
14 221
22 15 247 303 305 325 359 448
32 257
34 107
21 232 302 428
19 375
24 468 470
20 403
33 3 273 366
12 68 152 313
13 146 176 197
21 10 214 492
42 89 221 251 411
18 4 96 173 299
12 329
15 102 109 113 187
20 84 211 233 386 431
18 21 50 352 363
18 113 346 392
21 71 306 366
28 394 411
21 136 162 178 211 443
19 61 324 455
20 0
19 408
4 242
27 91 376
16 5 333 357 440
24 298
28 12 239 286 313 400
15 84 108 179 421 466
22 57 214 243 335 399 471 494
20 93 107 290 381
17 60 63 346
18 458
25 112 113
23 19 128 167 205 491
21 456
22 357
22 77 419
10 425 474
15 72 97 205 400 498
13 10 187 440
18 58 412 489
33 93 185 483
20 271
14 13 248
14 56 282
18 142 149 163 196 211 274 375
13 197 381
12 344
17 426 446
28 125 172 327 373
25 168 358 486
19 294 442
12 29 35 52
21 62 251 285
28 24 319 349 437 444
14 0 10 189 418
24 18 112 479
23 53 459
22 92
15 222 270 426
19 220 346 457
13 249 344
4 31 167 267 369 437
10 58 206 311 484
30 99 341
22 60
28 8 23 28 320 403 436
23 29 203
19 72 134 326 498
18 7 131 221 269 485
13 260
15 315
22 406 430
25 230 235 406
11 47
11 293
25 43 88 438 441
17 74 369
32 216 311
34 198 218 314
20 178 382
23 34
23 42 53 328
27 265 271
13 21 204 302
6 35 41 121 287
24 228 494
30 212
7 62
15 61 189 244 393
18 342
26 136 257 269
26 286 330
7 127 180
22 400 401
20 408 448
29 112 162 436 480
31 19 173 299
16 82 212 215 329 387
30 171
19 103 142 438
14 304 350
21 215 329
30 221
14 319 422
16 251 309 370 389 461
20 89 462
15 391
29 113
14 230 382 452
34 23 63 272 447 497
14 143 233 252
14 274 310 433
11 205 250 313
18 130 295 298 320 330
19 208 320 398
31 455
20 184 186 352 402 441
21 349
15 89 330
27 145
17 43 210 239
7 48 50 201 302 327 417 489
25 396 473
23 32 156 179 243 409 428
20 13
17 348 429
12 172 339 454
14 201 376 417 440
21 45
31 182 288 406
21 71 391 401 454
19 103 184
26 123
29 127 161 368
34 251 286 387 413 428
25 78 189 256 374
22 101
13 107
15 215 287 467 490
31 324 395
27 266
18 206 422
27 181 209 287 309 409
12 46
16 31 47 225 374
24 112
19 21 100 189
15 82 101 253 261 275 328 370
15 394 459
25 147
16 73 212
20 49 219
25 159 457
29 183
20 287 444
19 77 246
29 5 169 250
11 137
21 195
20 469 495
33 22
8 184 305 436
18 180
10 346
12 57 194 324 344 417
19 378
19 174 198
22 274 421
14 45 99 135
13 305
20 273 352
16 161
16 187
20 167
18 87 117 133 404
10 88 314 373 407 484
8 410
17 162 167 195
24 263 325 394
19 95 110 112 324 339 423
18 75 241 318 426 459
15 17 53 202
23 114
24 55 216 287 362
28 323
21 126 261 352
17 310 339
21 64 208
31 189 191 282
20 26 197 213 302 309 430
17 256
25 266 268
23 387 444
21 100
8 118 171 336
26 324
24 436
21 142 289 370 484
19 57 99 121 153 160
12 66 363
27 180 317
24 270 439 445 491
18 41
19 24 215
20 280
28 133 307 407 423 426
19 152 432 474
19 47 178 425
7 39 314 327 382 383
18 65 279 308 423
15 23
20 92 471
5 108 268 269 298 340
28 409 473
5 89 97 147 421
13 131 222 338 388
21 40 135
20 1 146 181 452
16 84 98 109 224 245
23 419
19 242 315
22 413
18 79 443
19 227 275 381 407 434 447
13 5 168
28 90 129 199 436
17 86 241
28 220
23 23 125 137 180 258
15 235
19 243 325 378
13 297 451 457
24 366
23 44 96 237 293 334 462
19 373 381 404
5 17 109 413
24 56 77 381
24 55 158 378 474
19 227
7 196 268
23 126
14 145 365 385 422
21 27 115 211 219 337 403 419 476 494
32 198 405
30 255 450 459
12 44 314 342
21 50 153 166
18 178 364 438 461
20 116 154
24 27 158 272
22 2 127 283 311 460
27 311 474
22 225
19 93 161 292 455 495
17 14 351
35 88 453
17 404 405
18 165 216 348 462
15 232 334 421
17 48 382
12 292 389
17 483
35 331
15 99
35 72 156 189 271 405
20 94 167
28 489
18 35
27 132 412 432
20 12 300
21 127 305
15 325
21 30 33 76 181
13 14 22 305
5 236
21 211 413
27 79 95 249 369
30 291 394
20 475
12 87
21 2 59 332
25 37 368 414 443
22 413
11 73 440
22 20 350 405
30 122 185 232 327 409
16 438
21 312
31 103 207 277
20 348
19 277 494
22 237 280 410
29 71 113 195
27 129 209
22 324
20 36 299 347
13 138
10 51 162 202 359 421
11 448
4 296 402 423
23 188
18 132 134 374
18 54 208
17 432
19 196 455
27 483
25 18 205 230 273 343 406 483
28 85 297 430 481
12 197 274 293 415 449 481 494
16 94 359 365
21 370
11 17 193 214
14 332
7 146
14 97 178 202 242 334 361 373 471
26 1 12 102
23 278
17 9 39 280
19 5 221 439
7 0 98 376
29 147 185 225 410
19 65 128
17 184
24 42 235
14 221 235
18 326
27 270
22 141 155
18 60
14 70 262 341 410 436
24 414
11 59 194 317 347 389
19 348 396
15 92 124 127 234 484
18 192
24 81 107 361
11 179 423
24 232 362 485
12 69
19 102 257 288 353 380
32 364
29 321
24 26 132 416
15 116 123
20 41 178
22 333
28 85 227 403 417 498
33 291 347 448
15 52 167 297 333
15 70
22 183
23 30 109 404 456
16 378 490
13 153 165 254 329
26 232
21 55 327 376
20 156 458
20 162 229 407
9 312
15 106 308
24 37 457
10 78 163 174 427
18 106
25 78 136 161
38 21 491
15 145 163 235 281 345 359 377
20 1 149 337
8 2 63 296
20 2 263 449
10 69 286 382 409 470
26 5
34 15 105 123 172 245 292
26 38 369
11 63 91 420
21 6 94 118 353 357 470
15 154 248 492
3 319 389
34 325 326 381
2 22 35 340
22 195 305 459
25 169 345 430
22 290 447
16 148 442
25 101 325
21 53
11 8 84 173 248
15 114 431
18 233 246 263 375
29 35 102 352 450
29 183 337 486
13 101 180 220 440 451
19 346
15 75
26 203 257
29 361 395 421
22 75 358
18 123 278
8 2 28 211 284 294 324 370 424
19 121 181
19 91 260 389
18 305 344
15 120 254
21 308 423 447
16 43 85
31 1 27 129
22 312 380
28 177 215 218 378 406
22 313 464
29 52 192
8 187
20 209 336 371 446
24 82 130 292 294 296 333 377 379 383
14 52 221 338 474
33 269 300
23 242 462
11 114 157 223 233 480
10 38 336
18 28 331 440
10 61 138 333
13 63 170 209 254 316
19 456
26 139
26 200 231 316 431 455
21 257
17 198
12 48 77 319
16 92 124 128 188 336
16 238 456
22 179 365 448
19 77 281 300
22 383 466
17 29 45 77 142 217 436 438 484
25 90 492
29 9 136 192 307 337 385 437
31 264 298 443
20 87 156 335 400
20 381
28 147 215 231 318 361
20 43 383 423
22 144
16 499
7 35 140 280 399 413
35 8 86 260 261 412 446 462 475
19 57 288 474
18 33 389
12 102 284
19 154 232 271 306 334
24 67 121 330 464
22 26 410
22 118 323
16 28 323
16 268
21 201 439 457
29 4 103 216 374 444
19 59
32 266
31 53 456 468
27 38 80 235 242 356 371
27 454
20 49 263 325 463
17 488
31 270 352
18 48 469
26 110 196
15 171 230 493
18 494
15 43 193
27 83 243 318
11 283 301 446
32 156 209 227 414
23 352 357
31 298 477
21 249
17 60 266 402 406 425
19 66 283 407
5 31 272
26 201 212 213 224 389 448
22 135 207 330 471
14 274 402
12 12
11 31 369
23 355
34 183 361
14 12 200 265 274
28 41
9 141
15 92
12 241 260 349
20 30 110 144 167 402
29 21 226
23 126 348 453
14 108 351
29 493
21 315
11 18 70 126 267
14 406
24 59 116 347 402
27 226
26 6 160 240 414
8 290
14 416 450
18 85 127 225 305 349
23 100 145 187 205 381 397 494
24 14
22 233 259 366 382 393
31 165 441
21 105 246 299 323 423
11 235 481
15 77
21 223 384
35 16
35 403
26 8 28
15 380 486
10 288 443
5 54 211 360
19 95 106 255
27 107 303
7 11 404
31 114
23 173 232 419
18 6 131 150 182
26 57 379
15 332
19 418
18 127 151 256 310 349 477 499
21 57 90
8 103 196 200
31 20 151 208 359 405 432
17 160
15 20 56 148 173
20 103 168 169 203
25 448 463
22 2 183
24 169 237
19 35 401
21 150 396 410
30 158 382
37 184 185 280 438 495
20 27 228 348 467
20 105 169 176 454 478
18 149 269 495
25 417
12 194 239
20 470 481
1 69
10 16 26
19 0 91 385 477
21 245 267
20 101
26 119 451
30 30 90 141
24 287
18 27 54 192 207 433 471
8 99 108 285 307
10 20 27
33 233
19 221 418
18 17 120 131 290 417 444
28 13 25 185 317 491
22 59 98 386
23 230 304 475
30 46 126
19 90 232 239 446 469
18 72 177 224 398
16 288
17 416
17 204
16 496
25 70
30 278
21 33 482
27 247 338 392
21 1 249 319 386
13 216 439
31 58 138 219 265
15 131 308 498
13 103 345 363 392
21 58 137
21 11 236
27 74 82 122 354 380 400 416 471 472 495
19 46 155 161 314 368
10 12 140 333 496
20 112 146 362 493
24 165 321 400
14 256 435
18 338
10 206 226 227 423 474
21 80 84 122 352
13 145 266
5 12 310 396
20 26
24 105 370
14 31 76 325 421
30 30 201 336 421 482
12 23 267 312 313 335 452
34 160 390 404
25 132
23 56 115 139
14 8 39 78 79 123 368 411 460
27 17 43 150 178 341 367
16 231
26 124 212
22 7 139 304 474
11 368
27 74 248
7 29
16 19 156 331 404 466
16 15 347 467
18 135 142 222 352
23 346
14 23 206 236 311
30 355
29 155 475
6 107 122 318 403
10 399 420
12 48 112 284 332
26 184 233 378
25 415
25 50 72 177 346
17 61 428 454 455
8 135 198 235
25 59 162 404 455
22 345 348 391
18 195
24 48 327
18 65 267 446
7 251
23 7
35 415 465
10 33 275 450
21 91 138 167 170 412
13 84 208
9 55 132 370
26 213 246 272 395 453 466
15 43 85
24 384 389 461
17 36 110 189 228 258
20 20 110 199 243
5 37 73 234
25 426
26 67 119
12 337 426
18 231 268
9 85
15 146 257 271
24 121 244 385 480
22 7 83 422
6 3 335 473
14 3 121 122 361 377 380 459
21 7 23 121 216
26 62 71 220
21 475
14 143
32 196 436
16 24 202 474
16 128 275 361 391
17 102
10 15 452
16 284
8 11
32 224 237 291
15 67 147 413
24 103 449
22 401
7 389
17 54 105 107 285 379 441 492
13 56 209 215 230 445 494
7 308 313 405
20 220 319 351 352 446
7 190 255 297
24 109 364 414 436 472
36 235 495
21 2 118 272 437 487
20 54 70 297
13 125
7 59 181 229
28 68 224 302 305
25 273 351 354
20 60 433
23 58 96 496
14 126 160 340
22 423
13 8 61 144 169 220 281
23 291 317
12 350
21 30 50 240 250 441
11 161 440
24 185 305 337
18 146 170
8 258 264
27 464
23 250 454
18 103 284 395 463
4 35 157 287 313
12 141 261 351
45 24 63 158 170 392
29 8
21 303 458 461
27 124
21 204
14 116
20 312
18 30 342 371 434
16 148 271 454
11 29
21 133
11 36 122
16 141 226 285
33 67 173 265 390
16 33 340
23 454
31 223 228 477
10 330
9 85 255 398
23 280 317
32 90 141 398 492
17 33 442
18 294
27 67 184
20 41 44 236 494
12 365
15 30 116 191 202
17 157 168 176 394 395 494
23 67 132 229
18 71 189
15 166 498
17 40 422
34 73
16 6 55 75 98 219 408 466
23 436
24 88 133 294 464
12 307
19 65 98 147
34 99 171 176 361
5 443
18 84
24 407 499
16 196 489
22 30 172 179 480
15 41 105 141 341
20 116 207 272 294 300
14 31 259 298 367 406
28 268 358
23 81 162 222
17 175 212 253
18 190 269 315
24 346 347 476
28 99 347 439 440
25 43 129 182 293 365 391 469
23 77 170 275 328 347 407
18 12 51 52 185 250 276 287 365 387 451 457
23 149 283 354
7 433
14 26 39 298 346 411
34 28 219 241 402 478
15 308
18 165 178 408
23 464
24 196 239 360 469
22 451
15 312 427
13 193 454
20 180 191
13 273
17 7 158 200 206 209 256 417
16 4 254 385 490
21 99 261 458
9 74 103 175
13 52 170
17 264 342 424 438
22 378
16 456
29 16 94 307
25 53 55 217 257
16 64 68 140 196 260
9 24 335 416
23 473
4 131 247 324 346
11 199 306
13 51 172 174 373 412 477
30 387
22 21 25 94 456 465
13 285
25 117 380 479
17 20 289 397 432
22 219 277
24 23
17 143 381 498
16 95 328 485
27 422
21 36 194
10 149 311
24 164 182 239 324
31 238 304 416
20 314
27 50 424
14 193 485
24 159 260 466
15 56 340
13 42 112 127 200 474
11 400
11 422
24 178
19 253
18 38 165 217
10 241
28 88 203 224 337
25 308
19 46 253
23 171 342 410
17 105 312 316 340 397
17 486
10 250 316
26 304
23 102 432
9 234
21 75 398
18 14 40 100 169 312 397
13 181 340
11 207
18 194
33 29 78 177 210 231 367
7 62 422
27 52 72 110 423
18 86 137 199 220 392 400 426
10 381 416
17 42 262 286 388
26 117 210 349 366 417
6 134 182 239 253 283 308 314 328 354 373 424 482
17 137 458 460
15 249
16 34 136 213 271 392 449
11 151 284
4 153 194
24 77
25 205 319 391 482
29 99 111 203 430
16 37 49 322
18 63 164 203 475
15 178 291 436
16 97 113
30 477
31 372 388
26 291
24 427 454
29 121
28 209
9 15 55 216 281 380
3 40 107 259 361
18 4 165 219 352 387 434
19 457
17 388 496
19 347 350
16 223 266 446
25 297 471 496
20 450
13 32 111
23 75 174 265 267 356
24 92 100 132 143 180 410 422
26 224 284 493
24 85 129 165 241
23 74 138
19 247
10 345 459
19 259 325
24 105 239 242 365 387 459
14 51 485
22 38 109 365
27 25
14 3 88 258 282 325
19 24 97 128 364 388 420 470
14 78 183
41 244 351
17 116 169 239 323
26 199 236 383
30 1 70 213 233 353 403 459
19 264 277 282 319 405 438
11 198 286 295 337 354 386 458 496
12 125 340 428
20 163 169 196
14 217 270 315 345
19 145 176 407
23 61
16 195 361
13 1 35 140 148 227 255 393
13 259
19 0 155 177 191 193 293 411 416
15 45 311 372 415 468
13 167 205 219 389 449
23 349 475
21 35 57 292 310
19 29
22 51 386
13 219 277
25 71
21 97 245 416 433
10 265 348 438
34 20 32 377
25 23 144
20 208 261 363
32 144 225 458 479
8 447
32 134 225 356
21 144 295
7 316 352 383 456
34 61 288
27 131 178 304 355 413 433
27 438
32 2 42 43 228
12 158 291
28 172
28 229
32 189 210 272 310 413 461 483
27 66 401
2 136 164 433 434
22 247
8 83 339 375 448 473
16 181
13 332
16 382
29 154 220
32 175 236
24 57 308
13 232 324 346 410 464
10 237 247
1 348 363
14 47 61 137 208 211 258 274
27 187 439 441
19 5 169 356 453
27 402 423
26 200 287 414
24 223
31 55 88 113 136 159 359 413
10 38
24 42
23 3 192 395
28 36 272 280 479
31 150 239 254 347
14 259 370 484
22 175
21 252
24 155 204
5 370
12 43 79 106 148 224 323 367 465
14 381
29 147 197 267 296
24 403
14 243 277 303 305 402
19 449
11 121 400 487
13 152 189 461
18 29
21 75
14 11 164 218 347 459
16 40 77 472
29 33 250 298 394
22 14 52 113 207 337
15 26 110 322 436
14 59 398 448
30 135 279 447 461
25 40 79 271 286 390
25 73 326 346 425
22 145 204 252 265
16 121 202
27 2 130 197 213 268 407
19 47
19 251 418 498
21 153 265 270 333 460
11 376
18 163 200 363 394 443 498
20 230
12 0 323 392
12 21 104
10 282 336
29 204
20 8 449
11 156 180 469
10 129 190 495
24 44 155 230
13 237 434
20 18
2 39 341 404
19 101 254 325 352
16 149
30 46 424
20 70 73 439
24 62 260 264 272 399 435
24 228 292 466
26 332 399
28 201 409
20 404
15 85 132 333 391
23 10 23 297 411 479
15 75 201 303 478
23 114 365
24 53
20 358
36 287 345 363 406 440
12 46 224 298 299 466
17 54 102 137 156 229 270
10 437
14 37 319
18 12
11 409
23 3 115 165 265 388
29 24 348 489
15 288
15 130
27 323
29 396
24 26
17 108
12 73 164 326
22 271
16 211 319
19 213 267
11 136 311 364 399
25 307
16 115 302
20 223 336
23 85
30 137 198
19 107
9 55 86 205 333 477
26 144
12 106 297
18 444
26 111 253 274
21 112
28 128
25 182 252 311
25 117 190
15 44 47 73 111 131 146 180 233
20 135 223
19 114 151 365
28 32 82 365 398 481
28 25 71 203 407 443 488
29 115 128 213 306 349 435
25 164
24 20 103 357
4 42 157 309 423
16 97 361
12 84 106
23 244 401
26 259
27 6 10 60 217 265 408
19 321 387
21 170 479
20 185 269 395 477 480
15 81 100 327
29 176 336
15 10 33 251 354 424 453
15 253
8 42 75 300 349 371
12 202 343 388
32 99 102 330
15 211 470
10 54 162 208
18 429
15 32 38
23 74 110 422 491
22 64 186 192
18 35 64 81 204 363 364 417 489
17 119 435
19 3 146 167 351 367 396
29 294 492
23 10 416 433 443
23 17 45 223
32 37 88
12 47 187 292 332 341 376
25 183 241 360
14 405
20 33 188 210 225 298 301 459
15 84 190 219 232
17 293 449
24 84 134 140 315
29 221 244
6 104 136 170 367 456
20 264 305 317
19 26 115
23 144
5 66 84 399
33 492
29 53
20 85 393 439
33 14 105 147
13 35 320
15 13 457
34 181
10 44 57 355 374 390 469
27 78 223 382 400
19 299 316 334
20 171 215 403
25 62 67 138 220
21 14 23 26 56 174 274 401 451
27 120
19 46 195 407
29 96 432
4 100
37 1 69 93 270 310 344
31 337 470
14 187
19 140 336
30 108 130 154 217 369 384
22 400 418
15 382
16 160 255
33 411
21 24 261
23 332 406 413
20 247 266 394 452
11 33 54 89 421 464
27 152 478
15 39
3 70 329 455
12 57 408 418 436
31 48 81 165 285
21 77 233 246 305
18 207 233
20 47 355
12 109 226
25 354
8 435 462
18 331 405 430
18 434 444
10 1 38 266 440 490
16 65 262
16 32 200
10 19
13 284 405
24 217 260
37 33 167 430
18 477 478 491
21 185 199 330 376 461
30 474
25 163 188 353
32 96 210 402
18 68
28 55 239 397
11 52 71
23 137 350
27 302
26 16 159 188 314 451
9 89 249 335
15 7 10 31 148 174 234 344
9 35 165 228 279 362 479
29 60 154 334 357 442 459 464
27 195 305 460 491
18 30 352
20 479
28 21 251
14 360
26 3 171
19 65 364 465
28 38
20 3 243 320 366
19 392 401 413 418
30 27 349 398 441
31 252 291
11 315 433 448
26 39 485
14 236 303
14 272 390 403 484
22 313
14 105 302 394 449
24 84
19 122 227 444
20 30 59 174 235 258 361 403 450
25 486
14 8 60 291 400 477 490
27 191 362 383
20 80 248 311 396 460 479
29 475
15 15 80 132 412 418
23 331 424
22 1 288 348
17 36 227 494
21 97 146 384 439
12 75 138 228 406
18 213 231
32 456
13 126 157
23 28 157 422 470
23 17 152 161 194 254 289 304 305 339
24 236
18 249 299 302 332 426
6 288
21 497
17 342 416 498
24 51 334 495
28 140 157 363 384
25 5 6 246
22 95 120 466
25 20 70 239 356
21 33 259 416
15 286 308 390
29 338
17 484
21 51
20 247
8 402
29 286 483
