500 5000 11690
17 273 390
21 15 33 206 374 384 400 413 498
11 187 391 399 434
14 144 179 341
19 143 182 211 411
12 219 274 282 291 294 473
18 273
13 61
15 393
15 67 191 223 497
23 358 453
22 195 239 286 361
20 379 490
13 4 21 297 329
29 6 46 83 468
23 272 362
30 72 234 405
17 249
11 37 68 303
28 21 336
13 44 163 220 348
27 261 311 322
27 124 234
21 69 422 452 467
11 98 145 324
18 1 210 291 311
18 16 261 306 367
30 19 20 449 496
12 86 123 185 386 402
18 24 254 416
35 70 298
19 111
15 67 116 154 311 430
25 68 86 94 110 222
21 450
15 93 401
31 64
16 55 329
7 138 322 441
9 6 28 57 114 188
12 98 125 424
17 178 181 203 326 357
19 1 112 291 321 372 434 441 467
15 38 183 249 290 429
27 114
13 54 357 442 471 478
1 182 192
22 481
23 45
21 461
21 249 250 371
13 115 467
22 140 144 176 269 294
19 80 92
25 34 56 384 481
30 295
21 25 37 184 229 352 406 474
11 94 261 390
35 207 236
20 103 423
21 19
26 162 259
10 75 133 220 323 345
18 54 366
19 53 254 369
30 309 336
24 342 354
13 467
23 333 365
23 287 314 342 367
25 76
16 5 18 354 481
20 195
13 69 131 133 283 331
23 109 176 285 417 467
14 235
25 19 246
24 50 67 85 165
5 25 38 43 125 273 383
12 66 102 209 301 337 453
10 129 185
26 111
20 173 184 423
8 481
28 53
23 31 128 296 360
23 22 324 338
15 201 209 303
9 168
28 269 371 461
12 282 371 419
19 335
13 26 470 472
26 1 63 65 115 400
19 21 36 57 277 352 470
22 85 415
16 144
16 24 47 121 287 377 393 483
16 165 420
14 0 268 338 445 473
21 216 275 460
14 185 373
25 6 174 332 335 429
8 32 34 66 290 292 314
14 365 441
16 134 237 297 423
18 105 236 401
20 93 153 182 205
12 377
22 26 81 258
19 358 466
18 457
22 52 64 211
18 114 149 244
18 82 189
12 187 306 346
21 438
13 1 404
23 198 333
17 89 368 423
29 407
22 154 259
22 79 169
18 344 387
22 47 99 231
20 401
12 451
35 121 300
32 371
12 17
18 265 423
13 72 383 453
14 34 266 314
30 401 480
15 59 96 132 268 313 402
29 419
25 47 406 410 477
22 80 161
3 6 53 332
15 197 288
14 197
17 450 480
16 130
29 316
18 462
25 489
9 217 286
18 46 55 87 138 208 235 274 420
23 152 358 403 452
21 99 228 260
26 48 88
12 235 370 386
6 28 275 327 476
15 22 274
18 227
22 105 434 472
19 16 195 227 275 287
28 273 412 466
29 17
26 128 306
25 149 163 201 283 297 335 426
18 246 336 433
12 26 103 305 331 426 479
17 274
20 26 213 406
16 20 338 420
22 312
19 163 358 393
21 109 118
19 291
20 241 381 439
12 24 71 173
30 80 197 217 236 247
12 12 63 113
21 317
10 347
9 83
23 266 346 482
16 255 307
19 143 237 375
26 98 112 169 254 454 468
25 120 139 406
5 89 93 142 247 407
14 198
25 6 156
26 16 88 111 155
16 56 184 301
17 93 168 319 358
18 30
18 27
25 18 233 306 464
27 138 474
10 74
23 266 467
29 61 419
22 249
19 114
15 1
33 14 64 94 143 248 474
27 366
14 38
10 341
28 121 186 247
23 115 159 264 307 430
19 214 366 458
18 432 451
19 79 132
11 492
27 23 346
36 360
14 281 462
22 55 146 264 292
18 394
14 20 227
31 138 359 476
24 152 386
16 24 222 347
15 30 127 188 267
22 271 296
19 216 245 340
11 62 110 423
23 320 383
16 495
22 265 418
29 178 318
15 189 254
24 156 250
25 454
19 272 282 399
22 364
14 389
25 83 301 492
19 26 197 221 247 333 419
21 136 339
18 12 173
16 98
32 196 197 414
14 393
13 135
25 264
12 354
26 213 315 394
24 282 320
6 62 399
18 55 191 391
16 54 283
26 0 238
17 404
19 188 473
23 89 176 406
29 26 138 176
26 393
13 145 478
21 133
18 268
14 92
12 148 253 269 392 415
17 41
27 36 117 140 186 294
20 116 126 278 416
26 60 181 328 431
15 100 109 437
8 373
10 131 141
16 91 113 323 368 480 494 495
9 205 283
30 77 116 294
13 156 170
12 119 221 309
19 133 424
18 378
13 272 413
17 26 151 163 179 290 323 481
28 113 158 496
28 311
12 22 150 151 163 219 312 350
13 478 481 496
18 65 196 268 291 412
14 74 167 227
19 43 441 446
21 49 261 311 321 488
21 236 309
22 288 495
17 17 332
10 106 469
19 33
19 499
6 405
22 199 302 343
32 66 161 237
7 70 195 266 481
20 77
23 118 167
20 159
8 192 270 478
18 67 213
27 178 308
14 292
21 312
25 294
30 405
15 61 259 437
22 64 256
20 151 223 314 410 443
29 137 243 404
13 136
10 42 460
9 62 403
16 65 120 139 198 215
20 28 155 221 288 394
11 25 67 296
8 108 156
25 98
31 166 321 385
16 145
13 353
20 252 259 333 434 459
11 47 259
19 245 268 421 487
19 18 42 374 453
31 155 191 448
24 40 319 346 430
15 39 220 329 453
24 193 407 440
17 134 154 332
19 118 146 328 401
8 25 121 179 260 365 478 489
20 65 101 143 225 228
16 331
13 135 448 491
20 145 346 373
30 147 187 227 257
25 284
23 98 207 222
12 88
24 204
18 66 68 118 238 363
20 102 105 259 264 440
23 45 166 193 479
27 6 232
31 305 358 479
24 6 253
15 17 88 186 271 376 431 433
10 184 454
32 34 200 472
26 284
26 77 372
25 27 133 237 362 446
26 293 462
30 387 485
16 30 112 386 400
26 344
12 222 247 485
23 483
19 130 301 333 359 401 414
27 69 83 133 408
12 155 208 353 398
26 51 367
15 21 94 379 397 462
25 46 169 222
6 31 173 444
20 106
21 64 168
17 278 436
24 27 41 267
27 19 282
29 16 54 297 322 372 425
32 426
32 250
28 286 289 458
27 422 441
19 60 380
18 61 303 437
18 325 332 370
23 137 428
31 184
24 210
26 8
17 305
12 133 277 464 482 496
15 203 206 312 478
20 135 145 317 442
27 364 412
29 49
20 168 390 443 483
20 283 339
20 153 460
12 44 162
35 22 72 141 306 361 451
10 44 422
19 90
9 273 476
7 179
20 59 69 204 292 303
21 452 484
16 266 432 451
19 417
29 44
9 21 132 220
12 266 300
24 7 31 369 453
37 460
26 67
32 35 242 258 344 380
22 59 234 321
14 256 317 398 416
19 417
20 29 320
10 372 463
20 58 188 350 454
26 464
30 21 190 270 393
10 148
32 120 354 462
8 4 161 265 333
17 391
19 124 400
22 289 360 397 475
31 147 158 384
18 165 327 337 345 448 482
15 69 229 313
21 57 203 254
32 304
24 4
24 83 173
10 264 449
19 149 359
21 325
14 489
26 91
19 137
9 101 347 348
17 33 417 448
26 126 211 343 346 355 480
20 349 423
45 370
24 292 494
24 154 159
18 86 302
16 46
19 15 267 379
11 184 304
19 135 195
20 144 285
20 228 381 411 478
21 75 138 359 375
9 433
28 9 40 95 345 434 471 498
30 93 107 353 489
17 267 296
25 262 273 288
15 145 182 239
27 134 297 423
6 386
27 64
19 59 183 246 335 464 469 499
15 47 148 187 196 212 289
19 66 310 363 444
13 158 307 337 427 459 477
9 466
17 1 46 72 113 157 187
6 61 62 93 206 212 477
19 85 433
18 162 355 378
21 147 166 220 425 429 467 473 490 494
1 238 278
16 18 472
13 408
23 250 298
32 234
22 31
19 356 408
15 22 195 397
17 98 106 229 386
16 156 322 393 465
10 22 142 209
27 19
14 253 273 321 326
22 323 434
26 9 307 439
8 37 429
24 431
12 35 48 156
23 178 204 281 396 493
24 252 309 377
25 50 171 185 200 220 316
10 1 112 394 423
30 134
15 47
16 43 138 190 266 274
21 34 116 181 266
28 270 473
11 489
29 102
12 254
8 195 331 411
16 159
12 151 180 422
32 27 79 132 187 320 347 412 448
25 417 441
25 302
26 441
19 138 140 252 355 441 472
17 215
28 61 91 230 257
25 55
15 67 286
11 91 114 372 488
26 10 14 28 55 118 195 342
18 2 271
12 141 164
25 11 169 297 352 394 428
11 13 80 286 313 395 447
10 154 229 240 334
6 284
6 80
27 306 394
24 170 305 399 403 462 487
13 186
20 85 349 374
21 154
13 30 153 305 467
7 39 48 197
23 120 298
27 15 115 218
21 25
16 160 174 371
16 19 207 228 244 292 340 383 486
21 289 357
17 87 131
12 335
30 346 482
25 140 143 476
26 334 354 392 431
21 57 187 225 230 255 313 432
22 67 151 201 281 377
19 34 261 366
13 69 95 147 211 372
16 143 314
18 391 433
19 128 260 394 413 488
29 140 184 243 432 485
16 48 343 443 482
27 0 120 206 221 290 294 303 304 352 479
31 374
9 32 472
12 29 493
12 177 226
27 266 293 362
30 427 492
21 45
14 85 91
14 82 134 153 200 247 279 337 354
33 342 430
21 64 89 105 152 240 338 387 432
4 135 179 250
12 145 299
26 49 145 251 318 387 480
21 90 229 271 456
12 155 247 250 251 254 356 372
25 247 473
17 311 450
19 38 401
10 20 194 291
9 230 488
14 31
30 241 371 498
14 59 95 140 493
24 160
23 175 377 419
26 67 247
28 444
6 117 180 254 330 339
16 92 191 242 257 320 381 443
16 200 377
15 30 92
20 173 299 325
24 259 426 432
14 22 360
14 227 320 326 329 338 353
27 18 239 462
19 341 396
18 13 21 26 77 176 207
15 139 248 376
28 116 235 254 288 403
21 220
13 428
14 19 59 64 377 389 420
27 41 69 135 449
23 120 413
24 318
19 14 64 269 371
17 138 145 237 381 427
32 280
11 260
15 49 100 157 212 369 382 419 437
11 42 104
8 0 405 432
8 18 115
30 211 438
23 123 302 322 325 365 448
19 26 85 129 145
15 57 224 229 240 434
22 275 344
30 124 199
16 241
19 29 46 163 252 272 286 301 336
24 181 218 232 347
15 432
20 74 371
19 157 435 484
36 73 152 155 380 397
20 497
16 101 301 353 414 441
13 50 102 123 326
15 20 42 175 188 267 407
20 98 422
16 78 79 105 150 166 248 331 402 463
12 5 102 219 278 389
20 214 431 450
19 145 284 354 393
20 180 212 252 267 305
9 42 209
19 78 80 160 192 236 269 398 486 489
22 45 307 321
23 283 317 489
20 343
17 91 288 360 424
16 10
34 19 236
15 203 215 223 309 467
15 61 69 121 129 271 324 410
21 154 353 405
19 306
17 67 251 491
18 459
7 179 291 337
15 19 257 281 291 301 483
37 390
17 332
20 457
23 293 304
24 108 408
8 434
23 209 394 435
27 22 118 364 399 434 436 438
6 360
17 262 344 499
11 75 81 354
20 280
27 96 147 152 228 252
21 319
18 14 488
21 70 285
17 392 452 474
16 26 101 169 176 241 299 499
22 43 46 164 255 414
12 35 37 184 240 301 327 385
29 168 495
25 166 197 218 431 478 493
14 259
32 100
14 22 386
37 242
22 10 45 106 212 422
18 353 421
24 128
20 385
16 419
24 127 133 477
22 75 143 202 283 284 315 326 409
26 476
19 49 85
22 7 46 266
17 212 265 302 348 383
22 359 433 489
15 246
14 379
24 414
21 375 421 470
17 93 136 207
19 165
18 75 238 278 319 344 355
29 102 328 385 407 420 473
16 44 74 353 472
17 15 39 40 102 127 160 229 334 342 435 496
16 74
17 12 43
11 116 309 453
30 319
14 149 332 388
22 168 431
29 278 479
24 169 296
26 400
19 234
24 27 487
25 89 207 230 321 479
9 203 490
27 65
17 215 430
24 131 335 428 449
23 146 174 309 322 332 344 355
17 116 241 296
21 302
22 24 164 181 211 370 425 459
22 50 332
17 62 426 427
35 72 205 326
6 178 203 225 303 368 392
19 165
19 201 295
10 140 415
21 205 240 376 436 491
11 125 303
23 109 287 293
19 20 31 55 91 157 206 275 364
29 426 436
21 465
25 38 109 113
25 101 220 231 393 476
29 80 311
16 45 120
25 171
18 273 401
17 74 235 493
19 44 427 464 467
34 296 482
17 329 497
25 97 233
18 20 75 284 340 461
30 185 360 447
22 136 327
18 98 311
18 198
28 59 188 492
19 17 470 481
33 48 115 453
32 1 18 67 133 140 182 261 298 497
20 188 200 329 387
15 42 341
8 178
14 399
24 30
10 15 51 148 248 360 381
18 353 438
20 104
12 106 282
7 274
16 273
15 15 475
8 161
22 108
25 70
15 58
25 50 427
16 245 292
26 96
14 121 136 313
23 4 36 101 323
11 83 103 133 469
23 95 97 169 190 245 290
21 55 182 230 246 308 440
15 5 46 272 305
25 86 467
25 5 73
21 127
12 17 84 89 441
28 370
28 140 414
21 271 372
28 34 268 453
10 249
31 198 226 327
30 110 230 425
25 310
27 118 163 263
16 160 341 387
36 54 270 393 437
19 408
25 220 300
12 46
17 55 211 325
11 142 263
16 105
14 67 91 201
12 200 254
15 59 446
5 48 55 158 218 377 399
12 108 180 405 448
22 222 478
15 94 254 355
17 68 376 423
3 30 33 482
14 182 206
38 331
24 42 302
8 15 412
30 119
14 55 79 346
17 168 354
29 242 307 317
26 319 406 475
20 291 302 321 360
20 5 50 76 146 310 423
33 271 289 400
32 137 199 346
15 21 196 401
18 331
22 180 191 241
25 185 191 247
25 185
19 207 348
15 56 163 189 224
7 103 168
16 296 401
24 163 175 248 336 354 372
29 96 102 159
33 123 490
17 98 113 323 389 412
24 164 341 367 466
5 30 64
19 167 271 285 298 329 359
13 98 440
38 370
26 18
20 162 218 323 488
33 153 297
14 28 240
22 196 231 470 474
12 10 128 423
13 81 177 276 433
17 372
23 174 261
23 105 246 261 426
29 95 106 216 416 430 468
21 386
21 399 448
20 212 476
38 193 352
19 53 121 211
22 74
16 126 129 178 286 326
23 16 92 339 424 445
24 40 91 259 460 490
16 158 345 379
25 211 314 347
20 396
35 29
21 137 350 431 440
30 37 57 232 238 327
5 101 213
18 191 294 353 385
18 380 407
19 24 64 160 339
16 247 497
13 57
18 34 171 242 243 288 308 319
10 168
16 208 413
21 264
24 36 338
26 213
20 31 65 82 116 125 175
28 2 12 100 183
6 173 228 272 330
31 6 50 114 170 465
16 260 275
18 254 457
19 29 397
26 130 212 233
5 2 187 434 488
23 331 423
13 2 282
25 181 261 413 456
23 103 208 423
19 4 283 386
20 281 359
10 466
11 63 102
15 178 360
21 431 436 449
7 26 110 322
21 4 112
23 3 43 46 73 278
20 265 460
9 311
30 99 277
23 376
2 8 221 233 303
8 206
13 128 220
17 214 286 309 312 319 457
8 486 491
17 365 415
22 87
20 267
27 265 320 353 365
12 50
19 29 40 47 68 215 315 455 485
31 344 497
27 59 493
15 189 281 307 457
15 161
15 19 301 325 464 468
29 102
19 287 363 490
14 111 195
16 381 439
14 45 53
18 1 173 195 233
28 212
18 370
17 24 41 145 357
29 106 368 468
7 82 125 494
22 84 105 153 294 411 436
34 152
19 289
36 255 337
11 295
13 251
21 113
25 23 74 164
20 186 483
19 21 65 126 422 435
23 8 314 390
12 0 26 43 326 429 459
4 42 73 95 130 239 261 355 403 437
14 364 483
24 278 371 409
8 447
25 70 419
18 7 34 66 414
15 23 145 349
23 389
29 65 242 271
29 23 351 448
11 64 368
22 297
27 75 221
35 78 127 193 214 246
5 247 281 482
25 121 200 354
18 73 189
19 57 219
39 70 237 321 462
33 390
15 205
19 354
20 29 93 125 130 168 307 311 334 373 381
9 385
25 143 440
19 297 441
19 1
25 116 263
21 26 169
13 66 244
7 274 457 461 476
23 56 167
16 110 160 178 224 378 389
16 179 332 416 487
21 73 491
26 126 311
10 443
16 206 456
12 261
18 65 269 333
19 163 235 392
18 47 133 218 279 419
21 5 425
14 9 144 172 344 406 457
13 489
22 376
10 9 259 264 324
25 203 291 301 420
27 283 412
29 160 279 447
24 5 27 249
10 324
29 144 171 378
15 89 374
23 192 220 267 297
27 32
18 160 325 489
12 205 480
26 36 51 172
14 385
22 133
5 325 367 454
24 52
17 15 81 149 388
18 128 151 377 423
28 80 163 263
17 309 495
11 157 222 410 476
20 193 218 269 453 479
15 194 255
19 111 236 334 451 481
18 206
21 151 368 444
22 15
5 114 199
3 451
16 47 242 297 305 392 429 462 479
22 158 183 195 196 391 457 467
24 433
33 35 73 76 144 456
22 157 440
13 314
35 12 192 257 260
7 141 410
18 92
23 418
20 101 199 419
18 465
24 6 158 258 286 316 417
26 5 172 190
15 178 393
15 50
17 310 442
4 67 95 418
4 17 44
25 200 228
22 296
20 25 241
19 86 111 195
20 397
14 8 19 173
25 85 118 192 249
24 49
21 15 134
25 419
18 320
21 40 298 481 482
20 150 409
12 155
26 35 137 238 300 334
25 64
30 39 71 275 359
12 393
27 114
18 332
11 73 131 492
38 114
12 470
13 103
19 42 76 262
25 267 451 453
13 468
21 102 442 473 488
17 111 120
19 266 377
23 120 175 193
21 8
30 114 277 445
5 87 114 177 194 354 399
26 95 105
22 3 237
20 94
32 435
31 253 254 275 458 466 494
24 25 120 182 409 420
34 44 95 125 230 235 334
13 177
23 272
28 0 56 60 248 433
14 148
12 43 373 398 416
31 1 12 87 147 227
17 74
21 218
25 191 317
6 78 191
27 66 255 428 496
19 203 325
17 8 144 235 371 384
9 401 485
21 19 20 39 157
19 297
22 270 288 294 372
12 448 487
18 105 467
35 221 274
13 366
20 284 437 457
16 24 99
18 128 300
15 159 376
13 99 157 476
20 364
17 104 252 343
8 91 335 480
7 174 303
13 75 403
7 75 433
15 178
6 240
38 221 285
22 15 37 197 362 385 412 492
29 479
27 51 381 413 432 494
19 57 183 200 337 378 383
15 121 144 425 430
17 2 385 410
14 223 426
28 329 387 441 445 457
17 227 324
22 92
20 166 179
21 327
24 86 165
14 196
13 75 162 370
22 103 365 420
26 41
17 100
1 52 119
24 448
23 142 162 433 483
14 15 147 253
14 194 199 355 398 431
15 127 232 263
1 267
24 29 34 256
24 398
16 79 385
8 113 245 309 326 335 488
28 12 166 335
13 55 171 333
24 66 83 256
27 44 268 294 408 420
20 388
6 46 131 135 141 185 243 489
19 23 48 91 213 215
12 79 149 317
21 28 107 113 327 379 408
27 41 219 386 425
7 35 97 158 340 379
11 176 229 288 348 477
5 14 15 62 221 329 356
13 458
9 71 99
35 151 224 403
28 26 418
33 375
10 3 265
15 135
18 116 267 336 340 380
25 252 472 473
22 131 391
1 47 209 269
11 29 120 156 496
25 188 484
13 20 194 232 278 335 352 389
26 262 287 291 482
21 431
16 29
9 98 192 210 425
14 7 15 115 169 180 366 418
16 212 330 398 494
7 20 58 115 378 395
9 7 90 105 107 340 412
11 26 81 198 224 268 276 485
12 389 492
31 235 291 427 493
14 367
13 111
12 48 326
28 51 97 311 339 355
23 53 311
21 113 251 396
23 51 56 198 315 403
24 84 316 335 447
21 276
20 449
17 80 102 230 302 361
18 175
19 357
25 8 68 288 460
19 21 101 168 186 230
12 35 60 307 493
12 195 359 464 496
28 52 140 172 204 229 344
39 26 66 318
16 2 98 125 203 342
26 59 83
15 407
12 176
18 65 169 188 324 380 493
19 153 306 482
15 491
23 69
16 257 402
23 104 268 297
22 173 228 304 312 399
17 17 77
15 337
26 144 204 256 298 367 373 468 471
26 262
22 35 117 387 388 485
8 261 330 393
22 272 391 479
28 79 128 183 274 278 333 373
11 43 94 183 201 432
18 250
21 35 131 150 170 174
17 97 326 469
12 34 187 237 395 443
3 117 128 160
27 81 108 132 313
16 101 323 343 381
25 342
21 137 246 497
7 82 109
22 94 456
4 48 259 262 359 405
27 271
18 207 424 440
33 73 86 297
23 53 324
23 338
34 375 472
21 300 374
17 360 380 463
26 396
23 131 206
23 37 497
10 151
25 4 112 122 156 296 436
23 241 320 366
25 69 74 369 392 452
19 119 153 264 300 409 418
8 299
14 449
20 337
26 21 23 50 147 266 331 418 421
20 430
17 167 457 472
18 31 202 456
29 167
27 177 358 373
8 5 135 201
19 18 218 265
13 4
11 445 497
6 286 355 465
17 234 373
29 172 266 358
17 160 161
25 241 369 429
27 140
11 209
20 351 486
26 10 401
27 52 288 440
20 110 137 182 239 249 350
22 141 205 362 490
11 244 261 316 421 479
12 206
33 62 111 175 273 310 321 400
21 183
25 66 143 255
13 198
19 389
25 11 188 403
27 419
30 0 35 63 146 184 306 307
12 481
30 169 386 456
23 74
23 36 364 423
17 360
18 45 147 271 290
24 31
25 153 408 460
13 3 149 237
13 283 454
11 36 138 303 313 387 389
12 83
14 215
17 240 313 403
35 3 225 254
12 308 351 441
26 263 266 318 388
7 348
20 8 98 148 218 358 399 417 499
18 441
26 14 497
19 75 163 239
27 70 321
17 5 37 74 382 475
31 10 118 165 316
29 217
19 42 421
15 94
24 49 92
17 477
1 82 207 286 391
7 27 293 353
25 145
29 57 322 377
18 21 120 284 373
16 421
27 130 200 227
19 373
21 393
27 196
19 247 285
24 80
23 20
29 110 209
19 84 368 399
16 306
21 20 44
24 393 488
33 151 360
10 66 430
15 126 276 301
27 393 408
24 47 411
15 172
26 89 318 477 494
19 319
13 341
27 95
17 390
19 52 69 477
30 26 87 207 228
13 150
26 164
12 263
4 233 257 431
18 120 374 439
18 90 112 247 374
15 329
23 34 262 381 439 477
13 6 11 105 176
19 125
23 197 413
24 7 321
33 132 468
17 342
20 44
31 364
29 264 376
18 28 165
26 164 247 339
27 115 221 240 254
23 229 308 431
18 98 268
16 91 345 447
23 58 249 429
25 127 287
30 342 446
11 389
16 226
15 492
15 64 68 235 238 437
22 443
14 8
29 51 325
32 462
6 1 360
26 23 73 183 197 339
17 139 175
28 53 244
16 76 185
9 2 289 363 369 428 439 470
23 190 211 400
14 0 254 362 402
26 81
35 165 247
23 52 78 185
19 102 191 288
24 133 251 259 328 404
18 39
14 57 100 201
20 1
19 22 92 278 497
7 152 370
31 34
8 0 209 292 471
13 62 76 250 382 399 429 468
15 10 71 436 461
17 154 244
24 95 320
17 123
11 128 168 211 219 325 351
27 56 458
21 472 484
27 35 62 79 121 166 257 402
17 119
23 11 51 76 77 168 340 411
14 116 189 334 464
20 147 149 298 329 331
16 48 147 242 269 468
29 252 286
20 52 219 351 391
22 6 59 430 494
22 125 162 326 406
13 272
22 272 286
21 191 288
4 230 246 398
27 417
15 190 193 415
16 31 217 304 479
12 12 174
18 12
9 136 224 345
5 164 412
18 40
19 34 86 130 275 322 410
14 257
13 7
4 205 318 389 415 437
36 377 395 473
16 364
18 18 202
21 90 269 452 464
14 209 284
17 201 433
16 435
15 24 172 231 373 405
23 306
26 11 216 236 373 379 455
19 217 246 324 459
30 222 311 478
15 163 313 408
14 301 407
28 166 420 471
25 387 475
16 19 318 497
18 33 42 86 264 281
3 169 456
26 38 85 147 342
15 230 362 468
22 59 177
14 175
27 295 299
18 183 477
8 217 293
33 24 165
22 25
24 93 348 398
23 44 246 382 398 448
16 42 179 367
24 266 277 321
20 0 81 196 220 480
17 4
11 399
1 12 82 215 346 367 476
12 238 340 370 440
16 278 288
16 137
35 13 90 465
10 161 182 191 280
18 185 268
24 264
30 270
21 92
19 99
12 2 32 231
18 321 389
7 341
13 376 402
4 182 289
29 39 57 295 357
22 266
12 424
32 3 61 224 448 460
27 248
18 81 88 156 268
25 17 34
11 11 168
16 3 204 216 256 350 431 468
2 365
20 56 182 202 296 475
25 9 11 199 399
21 229
32 102 471
21 152 425
7 24 194
18 131 141 157 327
15 57 61 78 138 238 458
28 439
7 13 315 322 368
14 177 201 230 307 356
7 301 455
23 183 356
26 45 280 309
9 34 108
19 52 203 438 495
13 264 350
20 20
16 59 418 432
27 61 253 263 270
15 175 180 402 415 443
17 5 233 380 479
13 73 173 179 261 270 292 400
19 193 444
16 135
31 55 95 152 161 174 358 380 392
21 145 360 483
14 154 477
16 383
12 280 400
20 121 383
26 36 147 156 227
19 43 56 191 248 376
20 199 387 459
18 64 406
5 444
16 29 41 246 440
19 286
22 53 261 419
19 1 3 25 201 289 350 412
15 50 104 118 210
27 134 392 439
25 24 33 247 341
16 294 333 385
21 27 74 227 239
25 148 400
23 362 390
6 283
24 25
20 146 148 358 424
26 57 58 266 295 357
15 143 249 312
22 133 157 183 273 317
30 7 15 425 477
35 56 369 452
16 373
27 351
28 153 280
14 63 447
10 13 94
22 18 138 242 271 462
19 11 91 123 174 278 335
11 95
13 20 169 226 397
20 401 476
15 69 349
3 73 142 196 456
8 235 289 333 353 395
25 44 82 163 366 489
31 159 360
9 28 67 133 312
30 434
11 188 265 276 279 370 478
34 251 277 354 394
11 290 313 470
21 25 248 268 276 487
13 78 159 263 420
16 21 30 379 401
25 271 324 331 346 390
26 40 318
18 44
28 41 461
21 18 139 210 214 232 491
17 13 77 86
18 17 257 298 445
9 46 216 354
15 196
9 85 375
19 144 279
18 247 267
22 69 460 491
26 219 321 434
25 106 154 201 316 362 378
16 275 297 409 463 497
24 1 295 471
14 74 86 165 203
23 307 464
13 19 199 219
14 281
18 9 498
9 454
19 245 282 290 372 373
5 213
24 314 481
19 55 179 208 488
19 93 121 200
21 40 210 234 260
33 300 376 403 485
24 91
20 140 384
21 106 235 320 413
29 244 275
29 200 324
19 70 100 179 425
21 276 362
1 373
6 499
11 284 308 334 344 391 478 495
1 238 400
11 39 192 324
15 26 47 206 371
12 86 159 349
18 175 212 388
21 194 214 482
23 101 155 171 180 268 382
25 88 201 208 485
33 78 126 141 143 169 202 210 313 475
33 13 72 111 311 452
13 354 368
29 132 302 459
30 47 122 188 204 234 270 413
11 90 244 256
4 457
25 202
15 169 278 453
11 283 376
23 345
18 259 426 436
32 91 351
32 293 471
23 358
16 250 412 415
22 383 423
26 232
18 326 452 453
16 196 477
22 472
22 20 131 140 213 372 415
2 147 212 247 365 404
30 44 429
26 172 429
14 36 231 401
14 112
19 19 61 105 158 360
22 102 437
18 59
28 68 86 118 403
12 2 335 369 378 443
11 170 416 424 497
10 316 477
27 201 269
26 65
18 70 308 341
26 53 285 460
20 140
23 242
12 74 167 262 294 404 431
30 162 464
28 35 466 494
26 89 427 437
14 81
27 171 407
23 32 298 480
19 274 472
18 86 136 180 194 313
19 450
18 172 211 218 403
13 124 350 493
15 74 175 334 442 454 483 492
32 228
17 141 168 292 345
24 299 383 415
22 9 86 172 176 243 399 460 472
21 74 104
10 106 259 499
35 40 239 245
16 190 194
10 37 315 349 361
30 27 403 440
12 474
18 188 201
25 64 100 349
23 106 366
13 42 219 383
11 107 419
21 355
27 105 467
30 197
12 103 272 368 496
26 397 487
21 16 27 213
24 105
14 167 285 324 454
23 68 141 144 320
19 103 227 367 374 381 447 455
22 87
17 9 86 462
14 16 255 316
16 356 424
18 147 218 284 468
33 65 254 436 498
16 36 155
14 58 375 413
20 412
25 100 198 284 304 479
21 64 66 179 308 350 387 405
16 28 152 195
29 4 87 279 339 359
32 94 170 322 499
14 426 436
22 26 209
14 320 371
19 129 166 253 350 491
22 331
21 129 168
24 67 190 303
22 87 112 146 291 422 497
22 117
2 245
23 259 447
24 1 23 136 331
21 2 4 496
22 295 421 435
11 54 224 293 340
31 193 222 365
29 36 69
30 197
17 62 92 229 333 432
13 78 96
12 190
16 254 304 498
31 146 347
13 282
29 327
19 13 54 105 217 254 450 475
13 63
18 184
21 396 405 466
5 272 297 370
30 59 92 99 141 332 369 450
23 119
18 199
18 146 195
19 287
15 266 344 461
30 166 211 254 282 352 416 465
20 235 341
28 246 297
19 7 319 373
17 14 131
15 384
25 143 153
38 242 493
23 67 155 332 455 497
25 224 323
17 25 34 175 254 409 411
11 88 224 267 352 412 443 450
22 410
26 46 151 324
7 290
14 31 209 251
11 227 461
18 104 174 250 484
23 263
38 113 276 314
10 68 411
32 103 187 227 265 426
15 113 278
23 83 485
20 12 102 196
22 12 93 200
19 114 156 321 392 467
15 159 259 323 410 415
28 151 263
18 178 190 191 304 467
31 51 91 112 166 437
6 126 225 333 410 491
26 250
25 85 253 451
24 36
14 148 169 222 492
30 98
29 155 289
31 157 310 419
38 28 346
22 77 206 216 348 461
20 268 456 480
12 174
18 129
14 80 93 439 480
21 277
26 238
29 36 336
13 101 318
20 167 182
28 41 85 220 237 310 355 420
19 192 290
13 25 69 99 193
19 289 441
16 225
24 222 228 330 449 496
14 197 236
31 27 44 66 103 414 463 471 478
24 15 368 388 428
27 49 117 229 286 432
15 472 492
24 54
13 166 254 314 336 457
21 33 123 492
36 34 187 470 484
23 131 200
24 0 72 318 385
16 65 68 194
13 17
26 69 225 257
20 17
17 60
21 23 352
24 17 341
12 84 193 228 242 344 416 476
15 177
17 363
24 16 374
20 135 200 280 317 351 445
29 283
9 88 360 452
25 19 120
32 63 219 233
21 344
20 26 51 85 401
8 289 364
27 157 288
28 27
37 36 122 295 476 489
6 226 357
28 74 80
23 128 315
21 54 316
31 309
18 95 179
26 81 277
32 7 18 40 60 84 191 347 392 417 447
27 262 386
22 291 374 457
18 331
21 232 414
13 123 185 254 264 322 376
20 16 67 176 347 438
28 28 316
12 396
31 15 124 159 201 337 380
19 302 339
18 85 421 495 497
15 98 171 321 448
19 152 181
19 152 310 349
6 415
27 151 336
26 7 152
18 74 310
5 60 119 169 304 420 429
24 364
19 447
26 469
17 333
22 220 366
25 12 35
20 136 206
16 124 145 240 279 358 480
25 255
32 30 83 103 352
20 21 302 359
31 87 152 295
11 32 115 135
25 252
15 13 157 236 369 424 475 478
36 40 99 123 328 445 479
26 71
27 83
23 72 108 324
21 57 196
20 312
19 44 227
19 398
28 175 186 255 417
21 348 448
6 209 469
22 98 232 456 486
13 155
30 152 197 349 370
34 1
28 4 92 186 202 397
18 359
32 254
16 311
25 150
20 18 204 373
23 237
28 139
21 144 491
16 155
15 63 135 237 288 303 436
11 21 74 139 147 448
19 251
23 60 89 299
24 233 384 391
7 11 14 17 351 375
27 90 346
19 54 171 185
25 62 118 133 226 374
28 328 356
12 288 325 335
17 34
28 56
13 235 475
24 45 75 134
16 163 258 274 405 483
23 93 236 324
15 262 329 463
23 55 98 258 428
25 19 164 314 449 467
15 188 484
26 112 364
14 161 206 477
28 139 244 281 486
17 25 146 444
31 162 296 340 427 480
16 39 280 288 290
28 89 201 234 386
30 165 353
21 291
24 158 187 189 265 376
18 158 383 447 477 497
11 153
27 217 370 387
22 86 243 277 298 485
1 9 207
17 211
23 147
27 10 333
24 17
23 142 156
26 22
9 4 41 87 126
11 83 93 173 362
26 131 250 380 402 473 474
28 476
27 50
14 130 172 182
13 20 291
20 304 401
23 12 13 75 161 399 434
11 369 372 467 498
24 252
20 237
27 225 275 310 379 492
29 149
17 89 261 270 494
38 304 427
23 99 212 420
26 159 350
18 41 75 155 256 347 403
19 104 114 155 240 369 399 473
18 48 135
18 208 496
15 1 41
28 99
19 332 415
24 247
24 110 198
20 142 399
15 133
21 119 461
17 123
10 178 350 475 499
11 93 336
21 121
18 247
11 89 115 208
25 328 391
8 100 275 350
20 65 302 343 471
11 301
23 391
25 84 150 365 492
16 46 69 275 305 483
30 135
29 161 416
25 291 328
15 53 191
17 57 298
19 127 249 310 322
18 248
31 52 83 209
16 62 266 365
15 91
20 107 114 320 430
23 1 79
16 6 352 370 450
20 386
20 190 330 459
16 400
24 65 136
11 347
13 149 273 379
3 429
10 413
37 72 92
20 102
29 289 309 478
22 11 66 154 210 269 274
18 396
16 102 198 485
27 100 226 238
23 49 315
22 23
20 115 169 183 188 306
14 26 43 62 145 287 452 460
13 75 177 232 288 308
34 305 367
25 446
11 186
19 112 140
18 282 407 443
27 104
25 269 341 414 491
13 73 266 331 378 383 458
33 118 183 196
17 207
24 222
26 47
20 109
16 83 157 181
28 252 409
9 467
20 203 243 269 442
17 105 270 370 395
21 134 408
23 225
16 110 464 484
18 39 72 156 219 471
20 420
11 234 238 262 296 328 387 418
10 129 249 377 426 458 483 498
31 173 276
15 386
17 42 131 350
27 91
23 251
24 32 86 146 295
11 284 301 346
29 39 177 183 273 376 490
12 30
28 31
22 135 221
10 356 414
14 143
22 15 135 254 314 374
17 234 401 428
20 104 262
10 348 405
21 43 172 261 443
26 179 281
24 104 164 188 384 415
29 6 365 424 491
19 239
34 274
17 354
21 250 255 306 401 421
10 37 215 236
5 178 235
15 76 90 187 299 333 413 453
13 100 280 310 313
17 175
22 168 257
16 314 345
17 343 452
32 231
15 64 66 136 160 290 371 432 479
24 179 333 420 422
27 135 267 416 431
13 19 129 139 141 252 325 355 389 445 450
11 127
22 301 320 341 389
28 53
18 165
25 307
15 141 301 338 350 364 464
12 5 11 16 389 469 495
12 33 312 368 424
30 259 458
8 86 113 234 283 319 336 347 373
15 24 282 355 435
18 161 490
13 247 274
16 53 289
9 131 145 349 396 462
18 18
18 199 273 310 477
20 121 137 307 435
20 235
22 343
23 452
14 133 146
20 9 84 164 348
23 371 485
7 212 379 397
28 54 264 275 425 475
3 347
22 212 215 347 471
18 55 255 267 321
25 15
11 31 220 354 417 437
10 170 234
22 281 398 405
8 150 256
26 4 5 74 121 227 342 466 473 484
18 77 196 269 322 361
21 202 296
32 400 472 492
14 62 282 409
14 177 413 499
20 95 245
15 14 53 458
6 2 24 277 385
24 304 456
16 429 491
16 39 57 133 273 413
26 12 154 381 466
19 28
25 43 84 104 327 398 431 455 496
18 175 250 303 487
22 47 139 377
8 27 427
11 8 369 461
25 313
12 112 180 406
26 155 193
26 329
18 165 282 353 404 487
18 76 210 303
22 118 123
26 227 327 356 452
29 77 93 127 166 498
32 211
17 235 295 401 460
15 31 402
22 397
23 59
19 365
10 51 89 131 298 410 481
20 34 43 263 341 378
18 328 421
5 106 165 342
25 159 160 185
19 23 25 414
20 17 24 63 179
21 10 303
21 36 451
17 209
28 13 27 253 348
19 228
17 67
16 390 393 409 455 482
22 139 196
15 17 85 339 394 498
29 457
16 70 178 266 462
10 164 461
7 229
27 299 385
12 281 428
27 80 99 354 447 461
18 8 119 179
11 344
12 280 374 484
24 136 173 348 361
18 31 196 302
24 310
8 104 156 377
16 49
28 15 88
13 107
35 94 414
34 105 182 340
12 79 160
5 424
10 130 228
9 0 453
5 491
27 224 263 474
7 318 390
13 154
10 89 238
30 13 390
22 6
29 484
15 385 481
16 38 65 244 320 387
29 450
29 10
17 49 254
16 76 144 200
24 237
17 349 365 412
13 187
12 359
27 404
20 91 479
21 51 80 156 199 277
21 24 35 75 208 273 409
34 360 387
24 208 425
12 2 45 298 341 379 381
18 224 300 406
15 234
12 177 330
32 110 117 129 254 281 317 410
15 62 328 366 455 459 467
12 308 376
17 170 325 328
22 341 368
18 32 145
20 10
7 283
12 65
10 53 380 417
17 285 320
25 76 121 196 267 453 498
22 298
24 486
21 199 245
18 386 421
18 452
12 54 218 231 307 334
32 74 178 223 225 296 373 442
4 24 41
13 415
19 30 233 335
19 98 273 274
29 478
13 102 307 440
1 178 346
24 27 53
20 249 251 416
11 179
4 111 163 175 339 365
23 34 208 294 309 370 412 451
26 119 465
31 248 258 460
23 53 144 352 424
15 159 490
21 463
19 194 358 395
26 9 206 209 213 453
16 409
21 130 165 219
19 111 427
15 193 196 467
36 74 100 401
26 431
28 1
16 62 73 333 358 360
25 38 94 239 243 292 451
23 81 160
20 158 213 223 239 308 430
14 38 193
9 10 411
20 171 220 357 381 427
15 191 255 445 474
15 2 47 146 150 350
24 308 343
20 130 382
26 14 66 123 307 346 383 477
17 23
26 167 172 480
35 88 241 310
17 451
8 96
5 123 222 328 352 358
6 88
14 241 262 271 308
20 159
7 86 129 345
11 15 169
12 348
12 293 297 328
8 97 475
14 22
25 42 120 328 345
26 3 64 233
17 158 245 295
22 67 80 138 276
16 409
20 0 18 31 288 336 360
13 12 450
17 183 206 241 455
27 2 57 101 119 143 168 181 286
14 39 246 294 429
18 135 214 230 261 467
18 102 296
28 112
22 69 175 180 428 471
10 229 304 457 461
25 34 242 253
32 38 55 59
21 480
17 7 27 430 431
1 12 64 187 213
23 318
24 346 368
16 269 321 451 496
24 91 97 122
20 199 253 370
16 456
24 47
5 113 357 364
12 59 231 304 367 461
20 229 359 371
15 66 158
11 18 138 419
14 42 95 117 139 362
16 295 481
18 36 380
23 80 280
36 3 149 428 487
23 5 269
22 78 286
8 84
21 109
39 69
12 150 414 424 499
13 138
15 29 78 180 279 352
13 45 158 445
16 125
20 323 452
21 14 229
19 56 347 438 477 482
17 125 348
19 107 122 209
24 93 101 327 333 369
17 45 163 220
10 34 273
20 146 199 289 420 443
29 156 267 334 397
17 25 309 472
23 208 270 338
18 262 312 313 438 475
30 262
19 236
19 14 261 288
21 456 498
13 270
16 67 68 366
10 235 278 322 406 416 421 450
16 36 392
28 211 272 327
15 0 371
35 365
23 2
20 289
23 71 157 187 373 403
18 144 169 203 292 366 425
33 28 141 164 307
23 495
13 394
16 366
9 26
11 52 288
16 202 272 387 490
21 142
13 52 215 408 490
11 77 266
21 284 389
17 46 339
19 337 351 491
10 123 252 349 393
31 185 207 393
19 221 235
18 52 255 304
30 143 254 274 485
22 20 190 393
20 359
22 62 254
35 38 294
27 69 82 215 225 226
28 83 369 389
17 179 199
16 72 83 106 275 280 303
1 16 65 100 198 212 217 283 492
20 51
19 76 118 172 220
11 114 215 295 367
8 485
20 229 330
12 117 164 379
29 115 402 479
19 88 147
26 147
17 408
27 36 38 338 435 458 463
16 430
30 310
13 252 375
16 184
20 78 86 94 152 263 300
14 466
28 162
15 155
27 91 269 358 430
16 92 119 234 306
22 218 307 355 399 429
12 35 217 405 472
12 99 197 309
22 410
8 101
29 31 70 196 219 334 418 485
24 28
20 26 277 372 387 461
20 167 469
24 31 73 130 162 283 313 401 420
22 217 322
19 27 135
23 343 404 426 481
18 250 370
13 109 115 497
24 231 288
19 305
18 256 343
26 71 157 314 417
14 24
15 145 299 445
16 6
24 23 81 100 180 189
31 95 155 297 320 381 453
12 29 436
17 15
20 78 94 202 447
15 306 360 483
14 71
21 44 260 333
28 150
27 45 197
16 10 102 127 389 414
12 39 66
19 132 293 346
34 78
16 156 441
20 73 109
12 86 121 339 372 393
22 23 84 105 168 417
19 361 457
10 138
22 50 58 390 476
16 409 425
9 121
25 172 274
16 495
16 458
8 64 164 167 483
15 191
5 177
17 73 339
30 55
21 75 175 234 354
12 87 282 416 438
17 87
24 133
25 3 77 470
27 352
17 18 54 105 294 373 461
30 104 261
27 360 362
16 45 176 179 214 306 432
29 367
16 55 212 388 475
9 12 162 200
12 335 360 397
19 1 204 252
14 112
24 15 226 341 401 452 473 486
16 424
16 75
32 358 444
19 435 450
23 107 256 292 372 389
7 246 315
24 82 349 413 466
4 37 62 114
24 206 229
15 69
31 178
14 135
19 345
32 103 111 113 175 253 490
12 75 105 256 257 258 343 498
29 239 255 277
21 78 154 163 409
17 192 385 400 485
26 113 218 315
22 349
33 411
10 36 169 353
30 119 272
18 177
16 254 424
30 28 194 477
22 433
16 33 429 499
28 312
5 82 285
19 71 140 186 430
10 98 249 329 454
33 51
30 11 79 100 475
27 4 85 397 416
25 105 316 411 414
19 23
28 480
19 115
17 426
22 3 55 69 286 291
25 34 163 196 224 238 355 421
31 158 306
12 120 187
30 415 452
9 53 113 295 464 471
29 69 223 433 460
21 76 338
17 474
27 38 79 168 197 467
29 121 140 150 278 370 461
23 179 226 431
21 238 407
14 53
23 195 239 250 266 275 375
38 101
28 60 295 339
22 4 33 157 449
27 91 192
5 298
22 65 418
24 155 400 477 497
16 179 246 341
13 285
22 296 421
16 488
20 38 168 170 438
29 35 92 295 371 437
22 6 147 200 375
36 366 409
20 33 115 229
9 17
20 29 239
26 150
13 120
14 161
19 124
32 215 262 274
10 401
27 5 121 355
18 174 244 283 345
7 124 262
14 86 89 460
11 90 493
16 99 335
32 361 457
13 118 144
29 71 109 278
16 304
7 114 356
24 164
27 124 463
27 396 477
12 122 169 194 248 382 440
25 68 109 240 311
32 204
31 37 199 284
35 69 241 377
17 67 190 205 207 237 482
11 4 462
20 428 493
25 299
13 391 486
33 328 424 497
23 56 296 488 496
28 82 129 391 401
12 356
4 467
15 90 92 286 309 323 337 352 485
19 28 36 40 43 140 177 278 311
21 37 205 231 330
20 112
12 30
21 56 293 445
3 215
2 446 488
18 245 307 337 356 416
14 28 84 104 364
12 161 462 476
17 146 271 332 352 390
28 125 160 212 338 469
28 245 263 468
29 188 229 270 499
10 2 199
22 270
18 107 282 419 473 491
14 131
29 158 472
19 425 495
16 99
8 29 85 119 301 400
25 73 238 251 299
26 328
22 11 64
15 40
29 326
6 231 462
18 294 305 328 392 443
19 126 499
25 59 461
18 314 363 441
24 105
27 70 390
26 30 215 381
29 111 148 190 228 263 400 456
21 339
35 105 420 493
27 15 71 122 256 443 466 467
14 1
20 95 324 325
17 346
19 178 418
12 417
23 96 376
25 99 130 234 380 480
21 174 186 453
18 321
21 282
25 7 97
14 42 117 163 255
21 216
27 156 229 258 307 311 353
23 225 332 404 460
25 110
29 109
19 61 97 136 418
22 98
13 70 82 185 333 399
19 478
13 196 329 333 348
18 38 398
9 211
12 91 103 261
6 13 110 149 161
15 144
11 32 209 303
10 454
14 10 39 84 393 406
23 258
4 240
32 189 336 344
23 0 69 185 208
21 2 55 112 174 329
17 267 282
7 163
20 245 366
16 75 81 146 182 187 218 367 466
21 375 483
23 41 90 183 193 276 296
29 286
19 23 229
32 79 104 204 205 208 451
14 116 430
19 381 414
20 42
22 92
12 114 217 227 389 496
26 68 320
17 28 461 499
18 96 172 173
18 134
15 22 73 104 215
19 435
15 90 154 247
28 48 201 207 269 294
26 25 104
19 257 361 443
16 302 345
7 186 250
19 66 122
16 67 117 136 270
37 188 197 201
20 149 352
9 491
19 183 299 386 486
25 292
16 39 296
31 188 214 239 265
25 175 300
14 66 95 344 414 437 475 487
23 145
27 152 250 302
18 70 179 355 374 487
15 141 256 398 420
15 217 240 257
20 65 136 282
9 64 364
20 20 255 283
30 63 165 247 263
8 65 207
9 66 196 209 376 433 448
24 221 319 494
13 449
36 117 157 169 262 347 381 459
15 134 146 152 245 364
8 151 180 436
7 36 104 305
26 405
4 156 424 479 489
29 163 184 267 396 481 496
14 7 248 442
16 247 345 428
27 4 44 125 310 468
19 192
7 81 173 297
17 30 344 428
21 254 303
15 121
20 17
24 93 182 421 485 487
24 180 253
32 111 137 388 457
14 51 69 101 130 284 454
22 29 254
17 139 331 392
21 11 102 334
30 253
24 211
4 205 248 374
24 77
21 50 263 306 331
10 83 202 457
13 296
16 293
23 149
15 52 84 364 484
31 217
23 26
17 72 79 185 204 214 234 362 452 460 492
16 63 214 237 414
26 119 427
22 289
6 113 206 230 266
17 134 353 384
3 34 237 360 412
13 156 225 424 443 485
13 341
19 14 31 53 107 141 196 229 289 293 315 411 460
12 189
10 95 471
4 67 114 196 391 475
13 410
30 156 273 493
7 23 183
5 241 278
31 32 76 79
30 16 49 310 358 399 466
15 249
16 84 353
17 206 278 309 481 486
24 39 413
8 112 153
24 394
17 43 140 207 233 320
18 178 275
14 58 230 244 298 314 324 366
27 144 219 272
10 366
28 56 62 102 210 278 311 366 370 420 447
26 20 164 206 275 419
25 246 373 477
22 15 211 239 365 434
18 110 241 296 402 414 450
23 66 73 140 453 458 462
13 155 226 257
29 0 75 117 234 254 258 370 435
30 28 45 66 70 79 287 312 394 477
12 12 51 108 148 257 360
15 191 365
22 82 269 348 426
16 44 198 248
20 18 67 196 483
23 161 185
12 136 423 484
26 59 246 334 360
17 177 376 406
25 193
12 282 408
16 138 170
22 382
21 131 175 224 358
14 140 227
21 20 36
23 39 204 279
17 64
20 71 87
14 401
15 12 130 415
28 124 257 284 441
18 69 487
16 279 287 421 476
15 239 252 303 437
23 52 300 417
19 392
18 370 448 469
13 78 241
20 395 399 451
12 353
35 92 167 311 340
31 204 206 452
13 160 216
24 470
24 37 270
28 48 479
17 212 231 349 373 465
16 47 236
26 127 239 282 326 450 479
13 38 174 458
24 82 294 353
25 17 18 83 188 193 198 235
27 176 182 436
19 203
12 457
14 64 138 325
17 261 484
20 410 432
19 86 158 464
33 45 72 265 275 333
18 128 227 409
25 162 178 464
24 43 73 121 208 382
9 219 237
12 26 94 139 334 454
23 147 193 199 235 335 338
28 32 61 148 272 274 368
16 125 152
13 83 102
16 131 161
21 128 158 209 320 444 497
9 62 73 84 107
13 9 271 298
8 55 310
25 140
16 431 493
21 280
21 51 147
11 118 208 357
13 117
9 494
30 14 143 145 269
31 176
26 293
16 434
15 20 435
17 222 494
15 31 129 486
18 242 265
16 9 108 292 303 333 341 364 384 446
35 66 313
22 75 135 147
16 83 295
33 127 317
29 397
33 145
1 37 246
15 122 225 269 346 381
23 90 172 361 437
16 81 207 255 447
13 27
18 130 358 362
17 395
16 14 371 468
15 61
17 61
22 150
34 98 337
25 453
4 303 309
26 86 481
26 339 354
21 449
24 124
29 172 174 190 445
28 60 206 294
28 211
24 203 377
19 99 209 298 413 434
20 275
12 172 409
24 168 207 303 397 497
13 477
29 19 488
8 88 249 484
18 146 174 304
16 17 113 344
24 175
15 220 232 273
17 75 214
14 56 292 355 460
8 293
20 63 77
27 120 131
24 31 60 302 366
18 475
22 420
23 211 214 260 406 499
15 127 227 283 462
25 227 373 454
19 80 105 143 401 455
14 103 269 286 291 325 428 462
16 157 370
7 20 213 331
30 92 259 396
15 80 84 262 365 407 463 468
5 345
17 30 106 150 178 227 248 256 262 366
31 495
18 158 432
13 87
22 3 157 350
29 403
16 449
25 469
11 9
21 70 206 262
26 74 87 152 246 336
18 161
14 21 193 467
26 14
15 34 158 250 382 423
24 91 234 235 284 296 301 307
17 91 107 231 307
9 212 343 372 375
17 78 87 161 213 450
30 120 239
25 65 69 371 494
17 58 74 138 203 220
11 471
21 35 125
8 152 343 412
26 49 146 208 332
34 427
18 154 173 250 440
27 15 361 466 478 495
7 100 435
30 398
24 169 276
23 130
25 181 371 416
23 62 140 434 443 459
8 296
20 83
15 140 347
22 87 160 200 280 288
21 23 321 472
23 86 114
21 80 132 185 204 339 442
11 492
29 249 262
17 449
20 487
6 297 423
16 155
23 86 209 315
17 5 353 473
22 235 249 424
24 331 385
7 130 270 276 388 467
24 40 258
22 157
11 23 53 242 458 459
22 209 302 356 361 376
15 190 450 470 487 497
17 275
13 124 221 452
18 1 30 99 112 143
16 262 433
24 123 198
18 160 239 353 416
15 13 157 335
15 76 299 428 459
15 93 243 273 451
16 11 437
17 30 112 368
19 67 200 211 321 354 369 497
10 196
24 191 234 293 398
14 16 160 185 273 455
20 387 392
24 140
17 27 289 338 353
26 68 215 258 365
32 455
21 26 103 406 427 467
17 16 47 195 366
10 211 406 414
18 294 295 435 465
17 5 16 106 137 284 307 371
13 94 239 260 409
25 412
23 69
32 261 377
31 64
21 3 165
23 86 168 171 369
12 350
30 131 190 202 207 274
22 3 65 120 210 298 489
12 424
23 47 240 371 453 492
27 133 248 459
24 199 390 397 468
13 130 180 281 470
22 329 344 376
14 20 24 395 458 483
28 142 231 446
28 82 130 173 385 391
11 0 155 262 460 461 482
15 108
22 85 265
23 57 79 98 188 350 353 387 471
27 157
23 0 79 111 156 161 188 402
20 267 288 318 350 466 486 488
21 426
35 177 315
31 70
22 266 496
13 31 138
20 238 242 258 373 499
13 156 282 345
22 121 289 451
18 77 100 386
13 144 224
30 449
14 357
22 163
23 233 284
19 157 217 270 450
15 453
16 189
23 195 301 411 420 432
10 224
18 45 46 410
9 41 257 370 381
24 19 66 150 338 386 399
17 173 324 428 472
31 143 235 325 333 408
23 34 348 468
19 268 411
15 45
22 155 177 217 330 391
16 234
14 33 439
21 162 170 185 463 477
11 417 422
18 91 97 196
23 135 418
23 57 172 305 358
17 108 250
14 30 164 392
16 326 359 398
20 141 188 425 443
29 137 160 171 368
16 5 22 100 161
22 81 170 248 332
18 99 253 266 410 477
28 340 477
15 25 42 409
20 323
35 257 464
8 204 234 476
24 451
31 13 45 248 351 376 498
25 345
25 20
19 453
21 21
20 186 284
23 336 430
22 143
9 236
14 162
26 277 308 366
16 436
21 141
20 2 498
19 84 157 296
19 170 376
1 391 441
17 252
27 193
1 123
20 48 61 215 247
22 47 295 357
15 74 427 436
13 4 311 462
9 142 363
34 85
10 23 323 442 443 446
14 9 15 80 98 134 249 284 302 365 416
15 129 246 421 469
27 5 261 329 456
20 499
16 77 158 296 486
9 190 303
19 77 220 417
24 413
12 87 98 191 231 294
21 98 189 377 398 425 437
20 333
8 55 328
17 238
32 277 384 491
12 80 102 213
14 138 216
1 173 204 225 349 414 459 483
22 113 297 352
14 123 411 454
24 252 452
21 203 310
16 180 334 451
16 368
26 237 343 357
24 120 166 252 268 467
20 283
9 21 353
13 201 250
12 121 489
4 37 295 414 421 479
21 168 273 411
22 391
19 252
26 132 481
27 127 304 324
18 424
35 213
19 246 314
22 108 240 295 418
25 327 471 488
20 6 220 269 319 417 428
14 73 90
18 149 356
22 39 126
18 117 266 473
18 38
22 274
14 76 152 375
21 267
16 54 78 347 441
20 409
22 381
6 0 15 201 281 299
14 205
14 3 134 201 217 272
21 376 405
6 161 173 192 208 315 412
12 44
18 318 362 416 478 495
16 124 220 302 433 444
14 57 145 152 272
16 90 154 424
29 26 239 328 363
21 419
25 3
14 77
15 431 460
28 98 198 334
9 342
5 38 243 428 479
16 132 164 223 349 458
7 213 263 299 322
11 119 121 173 225 423
31 21 117 463
15 468
19 81 183 303
20 110 113
18 264 283 297
34 7 239 248 268 422
15 56 72 92
25 5 141 208 267 280 320
26 97
19 38 116 316 378
30 66 127 247 332 380
29 129 256 270 424
23 174 213 357
6 57
24 471
17 104 372
24 281
25 480
29 294 481
23 185
22 151 184
14 81
26 84 145 488
27 381 437 447
11 104 127
17 182
26 53 186 291 406 436
13 76 242 393
13 457 476
27 129 350
27 445
25 10 37 64 221 453
15 30 40 115
19 238
14 264 289 340 368
11 166 190 366 441
18 50 51 80 409
12 51 85 138 200 257 390
20 40 497
19 352
18 60
32 120 152 176 232
21 186 332 377 396 429
16 12 46 418
37 137 356 444 460
18 107 160
4 176 220 227
27 31 455
19 89 413
9 89 205 270 415 488
16 63 418
18 4 87 154 241 491
16 87 123
16 111 213 289 394 455
15 83 270
17 41 45 155 365 478 482
14 50
29 331
30 34 241 319
17 3 31 184 336 385
36 349 365
13 150 359 445 483
14 145
24 58 245 324 478
25 456
31 57 221 297 326 397
22 495
13 138 142 279 373
21 70 170
19 277 388 415
9 323 492
11 236
16 381
24 7 231 241 341 373
23 123
23 228 238 480
16 186
27 99
24 112 155 175 272 333 414 426 473
24 281
12 486
2 345
10 48 247 253 307 327 350
19 1 446
14 213 349
18 132 248 261 349 445 495
37 45 94
17 5 6 69 76 265 318
16 422
13 46 125 155 219 379 424 435
19 45 206
24 29 75 117 499
21 13 160 441 466 483
7 207 345
33 75
18 355
29 90
24 161
20 104
19 26 286 427 487
18 478
22 180 304 344
17 69
21 314
23 236
25 43 185 306 440
16 368 493
14 424 439
8 55 200 462 468
13 17 38 72
10 103 121 269 388 411 434
25 351
7 416 463
18 102 145 297
10 17 42 112 201 220 257 302 333 447
22 427
14 19 351 470
18 309
25 21 75 202 322 335 363
33 98 315
20 157
20 228
23 150 209 267 273
10 42 285
16 63 82 120 397 431
1 122
14 155 276 277 291
13 76 117 121
23 343
25 147 236 263 332
19 414
21 129 254
21 36 53 54 74 232 299 393
25 465 482
21 23 335
24 423
20 177 405 423
19 52 84 166 290 300 399 480 489
19 108
19 70
26 28 95 226 272 295
34 98 246 403
26 95 294 444
19 269 478
21 94
20 344 355 382
11 148
14 40 149 327
16 51 269 279 376 479
21 9 154 282 354
21 53 111 378 474
3 203 334 383
14 36 292 386 407 417 423
8 259
27 217
18 9
19 126 258 376
13 10 37 268
15 215 389 434 470
21 325
28 16 37 208 261 318
25 69 358 432
20 108 134 253 372
35 306 312 363 447
20 340
10 83 143 343 488
20 62
29 41
23 159 198
13 14 72 117 179 262 318
31 310 481
5 47 478
14 411 487
16 147 165 296 378 400 453
29 98
18 111 126
11 367
22 59 114 267 323 454
27 466
20 386
17 471
13 75
28 408 414 447
18 290
20 197
17 180 280
15 113 200 234 246 278 399
27 124 341
28 210
20 223 280 362 417 473
19 341
2 473
33 340
20 253 300
37 377 431
18 277 482
28 415
23 55 137 197 225 393
17 131 150 325 489
21 87 123 320 328 335 442
22 75 223 398
20 74 165 422 464
16 151 212 406 432 467
3 66 76 144 200 231 308 338
15 12 22 98
14 427 456
17 1 249 280
12 267
23 267
16 39 341 494
16 138 212
22 77 199 363 473 478
35 246
13 335
23 72 286
15 206 207
32 194 226 453
13 203
25 54 466
32 26
18 140 214 303
19 74 229 425 466
20 164 271 279
7 94 283 371
26 251 307
10 81 415
5 362 403 445 458
15 162 205 476 497
26 86 167
11 96 220 398
24 363 389 452 480 498
29 55 322 420 484
19 77 196 268 358 366
20 366
24 209
35 99
13 157 260 295 300
26 67 159 284 400
17 8 103 142 491
21 160 168
24 102 344
22 455
25 29 35 467
7 128 196 314 336 400 416
36 196 229 281
19 492
7 32 74 222
21 263 296 348 416
24 400
25 269
26 286 319
12 172 275 456
46 124 178 262 268 303 305
30 200
30 19 84
24 110
16 402
30 367 408 487
20 74 316
22 96
12 420 461 478
20 240 275
14 233
21 204 208
28 165 210 347
22 151 310 372 395 408
27 109
19 429 439
17 0 132 193 328
24 406 436
32 61 248 462 478
28 74 87 140 167 284 407 418 484
13 62 319 391
21 3 116 121 222 340 472
32 115 152 282 290 474
16 20 197 274 293
25 171 248 427 486
25 5 137 349 448
21 87 277 372 394 446
21 0 16
22 431 474
22 148
15 102 104 463
28 47
12 20 108 305 350 376
18 315
23 401 483
18 74 81 420
20 114 185 247 262 336 344 385 386
6 120 222 452
29 172 308
24 119 295 361
27 181 237
23 32 91 306 323 400
28 491
17 125 443
28 270
14 53 87
16 119 129
26 142 206 381
28 98 325 386
15 121 346 448
12 350 482
10 274 356
28 15 138 358
15 348 440
21 13 123 149 170 293
13 28
19 94 178 278 481
14 313 322 337
34 422
24 229 472
26 16 185
14 19 196 475
16 26 280 341 387
13 104 133 209 384 390 480
17 122 233 411 447
23 269
17 257 446
24 217 422
15 157 294 300 432 456
29 171 186 322
19 275
19 1 5 114 324
30 105 109 153 289 461
20 118 241 274 290 420
35 21 233 368
21 380
18 143 315 470
16 339 415 496
15 140 209
19 451
5 176 182 488 493
31 68 138 295 444
23 9 158 418
30 41 68 152 346
25 154
11 75 443
15 125 194
25 71 103
21 60 333
24 476
32 187 260 266
19 20 35 200 434 460
32 42 137
23 119
18 218 428
21 426
11 94 153 247 407 457 498
28 129
25 156 347 361
20 84 114
19 46 251 369
25 9 57 146 173 228
17 81 300 429
18 12 127 260 343
14 6 97 364 381 476
11 12 65 412
23 240
24 261 355
18 58 98 157
23 82 363
17 15 219
21 60 148 479
7 487
13 15 112 139 288
17 104
23 21 349 478
21 119 157 189 324 340 434
13 349
24 283
8 299 499
15 443
12 41 104 387 459 474
15 346 434
24 19 23 303
19 181 283 335 347 491
19 348
19 11 229
17 375
11 235 336
14 31 465
30 77
25 112 317 489
16 47 107 114 132 183 273 385 488
33 326 384
18 9 154 488
23 361
27 474
12 304 470
28 49 102 323 437 493
7 13 107 143 315 322
21 158 465 498
18 25 74 276 461
17 26 49 335 467
12 25 172 270 407
24 361
11 42 49 52 66 147 218
21 15 318 453 489
17 83 98 396 423
22 392 451
9 400
22 107 158 227 235 323 389 421
18 191 248
29 98 220 448
16 22 129 160 353
14 44
23 68 187 285 311 378 451 460 493
9 121 216 327
20 28 56 106 132 184 222
15 317
23 17
17 3 184 273 315 410 478
12 121 362 381 454
12 233 406
7 174
27 49 123 215 241
16 226
25 48 222 328
18 67 217 315
25 68 97 218 247 469
21 80 159 212 322 348 433
21 116 226 498
16 66
12 298 385
18 97 343
1 277
12 194 472 482
31 85 414
19 402
4 138 257 436 440
14 92 330 366
12 119 203
35 170 363
22 446
30 66 67 147 273
35 237 364
15 196
27 162
36 341 422
19 197
26 208 346 372
28 206 252 335
23 165
27 78 374
22 58 73 347 445
24 172
12 227 416
22 148 244 437 479
19 239
14 325
33 34 237
25 39 377
25 134 415
29 87
32 364 474
32 140 203
26 155 203 209 228
34 90 103 395
17 27 82 270 380 437 447
16 13 184 227 317 348
29 108 373
16 78 147 255
14 313 350
17 149 338
30 86 281 333 341 350 452 472
22 322 408
22 265 338
6 25 250
15 252 260 292 475
15 0 18 154 244 297 461
20 32 117 436
25 419 493
22 201 260 388 405
9 94 144 288 330
18 209 337
25 422
19 17 358 362 378 493
18 76 354
23 43 46 467
29 276 467
17 86 223 310
27 170
11 54 261 306 341 369
31 394 428
12 95 243
24 62 252 287 419 454
32 303 377
19 492
10 30 235
18 3 196
28 12 238 301 331 351
18 42 289
17 60 239
16 256
13 37 97 354 478 493
23 276
18 19 145
22 350
9 14 98 239 404
13 31 169 250
24 92 249
23 70 123 269 351 471
25 64 261
22 7
14 89 97 107
17 251 284
22 311 353
10 129 345
16 26 47
18 1 217 483
16 103 303
17 44 269 410
25 6 59 309
29 80 99 234 309 397
24 103 446
20 477
30 417
14 105 256 480
23 75 291 458
31 322 497
15 445
20 229 348 425
23 48 185
20 167
1 427
25 210 225 299
20 67 445
6 58 251
19 31
25 67 234 253 487
21 362 413
13 129 239 366 472
27 26 38 52 60 77 108 116 121
19 172 248
17 121 297
24 149 289
24 64 135 249
30 365
14 21 387
18 318 434
16 214 273 372 453
6 27 432
11 213 316 373
28 87
11 28
22 406
30 76 108
27 151
15 22 220 313 493
29 415
31 141 266
20 349
22 167 267 346 406 450
22 32 479
9 319 336 359 400 432
34 301
33 242 292 302 326 419
18 18 114
31 177
28 385
17 193 385 420 491
12 261 313
22 72 82 197
29 45 186 396 441
26 191 384
2 86
18 108 339
21 12 42 71 88 239 337
33 62 198 475
24 63 113 172 457
28 95
21 118 301
19 35 382
32 65
27 228 432
13 199 464
10 412
26 269 422
31 95 376 418
15 30 132
11 390 492
18 155 168
30 38 68 71 181 277
27 234
21 219 275 467
20 24 107 195 242 297 336 348
21 55 355
19 407 466
23 218
25 244 320 409
32 284 341 365 429
17 112 254 444
27 118 240 344
20 141
18 393
16 278 299
30 62 291 369
22 64 106 114 344 471
15 3 116 232 308
20 291
19 479
19 239 327
17 32 392 404 424
7 148 229
30 433
19 181 337 416
11 351
16 75 148 253
16 385
15 53 66 251 279 339 433
11 131 301 338 429 432 480
21 53
27 168 307 383 479
21 107 203 342
14 75 447
17 23 33 73 115 241 337 437
21 101 302 390 463
23 21 89 118 367 393
8 41 181 285 308
1 234 287
20 52 252 259
31 3 187 493
29 146
16 377 482
18 157 426
4 448
8 112 408 463
16 277 321 368 408 429 496
19 97
23 51 65 104 394
13 482
14 146 281 442
1 482
20 219 268 395
27 155 172 363 397 420
20 6 305 325 417 435
31 100 113 117 374 410 480
6 27 45 212 260 277 329 452
9 103
26 120 325
1 277 404
9 238 281
18 110 398 457
22 16 135 148 189 242 345 400 452
21 59 251 261 358
25 97 112 275 300
18 120 181
6 23 295
13 10 431
29 274
9 18 45 133 203 356 467
25 298
13 46 80 329
18 128 210
18 5 351 446
18 129 223 224 320 494
34 293 323 432
28 29 55 332 414 446 489
20 66 273 429
31 4 46 75 179 222 228
33 120 211 258 312 315 331 368 446
18 44 262 279
8 100 117 164 264 310 429
29 327
25 94 267 425 485
17 1 77 267 270 346 365
18 245 307
19 370
25 105 256 497
17 63 309 382
17 355 487
11 35 106 122
6 145 205 331 479
17 164 264 323
23 100 102 298 358
20 56 150 212
13 1 30 63 93 99
18 1 270 385
24 327 417
21 123 335
9 67 342
22 53
30 10 58 90 128 193 224 296 314 387
17 172
1 238 249 447
20 175 407
23 151 245 310 368 372 436 478
31 73 497
24 176 234 265 270 278
25 195
16 16 21 79 89 111 119 193 395
19 409 471
18 180 496
20 30 218 378 381 387
21 48 445 466
24 78 131 167 275 383 457
10 7 123
21 1 289 311 359 395 461 467
11 236 472
19 199
24 132 268
14 18 19 57
27 165 298 310
22 196 331
15 94 170 212 228 439 452
20 148 156 183 194 227 420 469
16 39
20 186 415
25 187 362 408
4 72 374
8 19 103 253 333
22 9 59 382
16 191
19 174
23 415
16 97 225 234 335 423
20 409 499
14 57
20 166 190
15 119
9 112 477
12 18 53 324
16 133 163
21 255 303 333
12 369
16 5 395
17 494
27 291
15 128
20 165 338
36 160 449 479
19 316 413
14 129 335
35 70 134 191 451
13 238 276 387
11 97 420 423 435 450 461
28 330 430
24 162 484
23 342 408
21 48 360 408 448 470
11 273 386
7 57
32 160 163
19 18 469
28 373
19 451
32 320
24 96 427 436 475
20 2 7 316 497
10 233 244
14 34
15 34 73
31 71 440
20 224 321 423
23 225 353
22 419
31 75 296 375
23 389 472
14 93 357 423
20 257
25 59 351 367 449
8 11 105 181 443 468 486
19 318
26 45 174 397
15 21 236 263 445
19 262 333 484
22 105 161 256 379 480
19 368
24 83 177
27 20 47 70 186 405 425 444
1 385
14 319 398 435
15 315
10 196 438 471
15 90
11 228 270 389 497
10 116
12 20 89 265
14 115 499
21 10 65 150 151 227 236 480 491
20 205 403
29 10 175 387
16 116
19 63
26 49
25 84 129 332
28 296
15 63 128 249
14 67 159
32 211
20 88 102 177 241 401 430
28 136 222
11 137 258
23 154 261
7 224 270 383
17 32 207 349
3 330 394
19 82 112 294 325
18 178 247 356 363 389
23 383
28 84 111 126 131 186 349
14 38 192 242 472
25 166 199 307
24 96 492
21 8 103 197 221 269 363
25 160
39 16 156 326
26 23 27 300
25 95 280 357 418 455
24 31 325 373 495
22 307 324
17 389
9 321
17 464
28 53 237 292
18 105 160 244 290 478
24 289 484
25 50 359
16 209 403
16 10 13 324 453
19 149 236
15 60 67
23 69 388 484
15 52 114 320 345
17 46 460
27 197 260
27 19 77 248 416
21 475
21 351
17 341
33 191
5 63 104 128 181 327 394
23 221 222 346 425 459
16 95
31 82
24 203 239 362
8 75
23 156 237 311
11 389
25 9
17 345
25 77 257 378
14 316
15 452
18 127
32 26 34 147 178 223
40 452 468
9 16 51 203 493
19 431
15 359
23 188 211
15 450 459 463 479
20 78 139 222 326
20 159 167 287
10 227 377
29 89
15 361
13 403 471
20 106
26 208 219 263
27 224 461
12 13 69 109 352
31 84 454
16 273 374
18 123
25 221 351
19 13 41 376 389 409 423 464
20 304 357
28 40 98 277 327 344 452 490
21 361
16 99 376 449
11 413
13 134 481
20 433
11 96 250 432 491
25 69
16 72 485
19 233 448 461
14 180
7 87 93 121 174 224 235
17 244 411
24 315 365
25 12 111 140 229 258 333
29 16 70 213 276 413
26 222
35 60 148 273 463
9 76 96 144 228 298 363 380 427 459
27 284 336 398
21 224
12 104 438
16 39
25 290 415 417 472
9 9 469
12 44 492
18 470 494
32 186 377
20 100 181 274 306
28 265
11 120 126 333 353
27 398 410
21 22 121 126 483
16 133 136 240 249 310
20 224 264 498
16 301
29 140 166 295 480
33 2 63 84 244 387
16 359 470
26 30 140 327
28 70 448
26 152
14 292
13 359
8 289 297
28 77 158
18 97 134 203 254 303 347 447 458 479
34 54 87
20 75 236 323 330 399
18 60 69 266 313
16 23 137 341 450
13 47 468
11 155 206 450 497
19 474
26 34 144 390 479
20 87 346
24 111 218 257 497
29 449
19 84 268 349 404
23 277
27 107 254 437
16 0 227 302 450
8 50 83 162 327
21 114
20 146 262 276 311
24 53 75 141 252 447 459
22 264
19 59 68 362 448
26 57 127 393
1 210 412 428
13 335 425 482 497
12 86 386 410
26 289
20 37 149 231
37 44
10 207 339
28 25 202 229
29 53 237 249
15 42 443
29 60 421
15 145 280 353 455
10 92 155 389
19 90 290 461
15 51 154 312 436
23 193 320
10 85 499
21 376
18 82 153 190 323 447 480
16 24 315
25 436
17 193 248 272 356 397
16 195 201 355 365
30 4 10 149 161 445
28 253
12 222 423 462
20 277
2 272 341 412
19 106
1 49
19 27 51 140 227
21 274
19 206
20 89 318 362
26 187 341
16 15
4 40 295 452
16 229
21 85 233 393 439
18 3 128 369 460
24 26 274 304
31 196 477
20 157 431
22 2 298
21 29 246
17 261 391 496
29 118 316 475
18 50 261 342 422
27 164 236 405
23 88
40 78 369 479
18 153 240 363 463
22 35 167 220 380 406 423 467
15 397
16 40 167 280 344 463
13 11 102 419
16 287 441
13 306 394 490
14 35 112 169 356 447
28 1 159 303
19 127
24 317
20 58 226 314 360
15 360
12 363
24 191 436
10 88 96 183 191 388 416
23 58 324
20 148
14 60 129 323 364 424
24 245 406 434 462 495
9 139 438
21 319 394
29 175 407
20 3 15 278 288 305 439 450 477
12 41 331
15 118 405 439
20 86
11 0
15 185 200 366 450
14 164 235 411 480
13 14
31 33
22 39 163 199 299
28 73 423 463
16 10 119 227 299 474
19 142 175
19 215
17 58 206
19 12 13 102 296 400 496
19 54 210 253 268 306 375 450
19 102 408
13 226 454
22 223 451
23 130 136 204 442
11 96 376 484
21 89 129 186 208 420 427
23 20 61
17 64 93 439
14 50
29 46 108 476
39 461
16 48 78 173 194 409
32 68 178 223
23 152 162 242 432 494
30 57 327 372 374 395
19 63
14 103
23 0 52 238
24 204
17 201 252
18 197 203 258 269 332 345 442 461
13 66 170 207 286 308 463
19 236
18 113 137 469
32 42 63 93
11 112 486
13 411
17 205 212 308
1 95 332
7 25 143 427 431 477
26 21 118 188 370 372 379
21 289
22 37 74 190
20 220 490
25 403
25 312
23 148
25 196
16 202 488
22 74 168 317 406 439 443 451
20 86 300 453
28 29 332 440
26 339
25 95 131 184 315 383
18 91 100 215
9 490
11 284 425 482 496
23 195 435
27 283
15 200
6 104 106 363 493
20 103 479
19 342 434
18 223
16 7 447
10 63 369 376 405
23 202 310 311
22 243
23 44 84 139 479
25 327 371 404 474
23 379
13 407
19 99
23 163 405 450 494
19 208 311 457
21 213 432
10 394
30 156 278 338 365 437
27 38 313 484
21 88 261 344
9 385 445
25 374
18 280 459
21 51 137 208 244 450
19 46 61
25 52 171
24 93 254 408
16 264 308 429 468
17 116 299 380
11 0 204 318 418
9 11 147 293
26 272 312
30 395 450 477
26 17 471
32 429
14 219 310
14 111 405
23 81 227 416 466
21 274 318 406 417
4 211 385
31 88 119 127 226 465
17 462
27 24 135 197 281
23 105 217 314 328 412 455
20 364 405
23 186 211 339 468
27 115 292
19 29 80 256 274 341 382 407 463
22 360
35 219
29 370
24 166 174 240 366
27 271 321 433 436
24 215 286 370 420
11 290
8 119 137 410 422 490
27 106 356
21 145 360
20 264 309 427
5 368
9 123 316
13 181 415 480
7 59
12 60 185 410
24 100 109
32 291 455 475
29 430
10 130 305
3 85 199 416 422 423 479
2 53 288 420
10 221 236 316 376 438
12 165 418 427 440
19 16
21 18 58 235 240 297 453 454
22 74 211 262 330
20 116 342
17 182 348
15 158 444 459
25 1 138 202 217 310
26 203
16 118 124 181 189 192 330 357 365 388 479
14 45 57 232 237 245
22 228 363
28 265
19 38 240 397
36 36
12 452
20 246 357 432
28 200 240 297 322 496
31 267
26 282
31 21 324 497
26 30 76 263
17 74 186 220 269
36 117 142 342 403 478
14 394
19 264
22 40
24 103 128 377 404 496
8 123
32 282
29 54 203 331
23 188 388 410
30 184 333
23 450
19 483
21 138 299 426
22 98 228
15 184
18 298 473
17 94 184 255 416
25 486
18 370 446 467
5 54
18 304
19 121 279
23 9 18 37 195 491
15 123 370
20 93 378 469
12 467
18 324
24 38 215 402 480
1 26 241 421
18 256 338 495
13 18 21 404
21 84 226 234 361 373
18 404 462
24 93 155 371
18 103 249 293 422
18 127
26 203 365
34 187 461 479 480
24 234 471
14 322 323 466
15 23 249 350 356 421 468 473
26 128 242 343 485
20 31 301 374
19 321 432
22 44
28 35 120 147
13 175 184
29 25
15 180 210 238 247 312
16 26 497
26 321
20 175 235 307 314
26 54 251 314 408 452 468 499
30 55
22 223
21 119
18 1 39 90 413 452
14 308 351 439
12 302 420 438
23 45 269 299 444
7 189
21 253 451
20 40 101 266
15 337
26 20 35 81 137 158 434
21 62 304 374 488
26 4 323
23 255 260
15 109 359 425 426 461 498
8 237
22 60 213 279 413
19 429 435
26 9 193 223
17 26 140 464
21 9 81
12 58
30 214 397
27 103 123 219 238 282
20 288
10 106 350
26 27 163 389 431
10 273 431 445
10 38 161
23 7 58 97 201
21 158 417 485
25 186 238
15 126 160
9 13 401
12 65 201 345 473
6 1 95 266 380
22 0 113 144 161 212 274 279 440 448 466 477
14 363 377 443
22 183
20 442
23 333 344 354 403
20 198 454
16 72
22 90 133 145 363
20 135 169
18 201 360
28 23 400 411 460
22 129 177 417
21 375 405 425
14 373
23 71 207 222 421
21 43 205
23 41 128
23 261 435
16 420 477
18 110 350 408 472
15 301 417
7 124 132 372
12 193 268 404
26 25 326 400
29 380
15 151 181
15 123 124
22 71 182
15 24 41 465
15 209
24 198
20 146 298 361
25 36 92 309 454 476
18 163 203 300 364 487
17 20 439 445
18 41 488
31 185 444 489
24 79 92 301 438
20 311
19 77 236 312 382
15 137 208 215 229 264 431
23 72
16 113 218
23 49 317
13 209 277 316
28 19 21 130 161 300 376 434
14 8 47 108 235
19 109 121 195 383
18 262 325 357 418
23 234 300 379
24 26 121 160 321 485
24 236 372 445
16 299 459
19 347 457
26 272 437
16 89 201 451 453
9 118 138 171 231 317 323 382 437 469
12 4 113 403
23 106 270 339
8 99 268 356 374
21 141 159
19 495
28 178 241 268 354 416
7 92 238 268 294 318
12 2 75 419
33 3 161 187 383
22 18
22 56 103 267 290 341 372 457 464
21 14 167
14 53 132 332
35 174 234 280 314
34 71 259 312 442
19 7 213 473
19 16 94 138 227 319 409
12 85 218
20 330
27 37
18 366
14 85 176 208 260 398
26 272
16 158
15 76 247 330 384
10 222 444
26 6 396
22 349
14 154
13 227
21 28 332
21 13 87 142
19 75
1 166
30 46 257
20 118 123 230 349 380
26 46 171 225 242
10 433 447 480
21 61 64 302 484
8 105 167 219 235 240 478
24 3 280 287 302 351 376
21 454
34 56 273 398 453
15 121 351 420
16 451
15 297
28 45 80 85 177 195 205 252 322
19 291 322 364 392 461
12 87 107 180 239 269 307 423 431
30 190 347
14 374 451
14 40 213
20 54 352 385 435 454
19 58 70 96 111 488
26 30 245 409
29 348 449
11 145
28 96
13 95
14 5 302
11 0 13 130 174 230
29 350
18 85 130 204 362 431
13 206
17 230 332 498
18 413
22 23 214 224 232 264 323 486
20 213 381 464
16 272
20 7 331 413 479
21 228
13 117 242 367
12 91 100 209 359
18 122 437
9 52 293 359 362 440 474
25 21
7 343
16 63 399 413
6 62 132 180 213 346
11 64
24 255
26 117 480
26 10 266 350
30 396
17 128 197
20 347 433
19 28 206 239 281
19 155
23 303
24 361
11 2
17 370
10 38 114 195 339 346 476
29 14
9 14 418
15 17 42 145 208 318 354 356 367
18 131
14 15 229 240 292 319
21 64 152
21 88
22 159 168 275 499
13 174 240
30 496
21 15 58 182 470
13 140 259 450 463
12 277 308
14 411
21 364
5 54 340 479
28 217 405
21 97 202 251 409 439 445
11 344
19 32 253
14 46 90 243
16 107 376
30 134 160 289 353
21 410
23 91 338 340 419
17 44 190 238 241 270 299
17 237
13 228 310 407 444
20 3 65 133 153 381 424 482
25 294 339
23 450
23 262
10 66 114 401 477
16 428
23 2 21 62 63
24 44 237 257
15 436
19 327 352
12 264 349 385 461
9 34 75 148 158 290 291 469
23 17 82 246
19 8 396
23 435
13 34 425
17 206 241 304 336 409 433 452 478 486 487
9 227 275
22 19 35 42 171 341
11 43 144 179 251 314 439
22 56 111 277 365
15 40 198 335
21 37 39 126 128 157 258 340
15 20 40 62 166
28 7 402 426
16 380
26 15
14 11 77 106 171
25 37 58
19 55 112 496
19 415
26 4 22 79 133 288 486
21 63
28 69 70 110 172 190 294 304 405
21 138 155 194 394 460
29 43 101 261
18 120 262 318 365 415
26 305
12 49 103 404
18 117 351 444
33 24 348
26 162 201 343
21 5 418
22 345
16 189 212 302 323 395
28 166 305 381
29 87 146 271 484
15 35 207 413
8 44 468
12 47 112 132 199
20 176 225 228
15 10 190 384 410
30 31 172
18 96 144 331 364 408 429
21 101 166 307 322 418
8 19 99 170 202 303
28 233
23 128 218
16 208 242 429
20 363
19 419
26 439
17 144 184 208
13 52 188 258 280 424
21 49 225 227 257
9 94 111 160 161 346
23 254 318 422
21 65
26 74 106 157 219 226 237 402 450
22 44 105 286 363 448 466 475
31 119
16 132 231
25 132 164
14 187 225
28 6 496
14 2 7 103 313
8 80 97 169 491
9 197
20 70 109 229
26 354
25 196 216 394
27 469
24 20 81 96 211 238
15 54 80 127 304 343 372 412
24 249 310 441 465 484
20 23 174 386
23 433
17 66 154 178 321 449
29 76 317 362
12 317
16 99 210 248 349 371
13 126
18 147 229 443
21 441
28 145 187 288 323
31 22
33 57 481
20 40 59 190 482
17 39 193 294 325 423 456
24 60 194
23 193 195 350 398 411
23 42 154 376
19 160 430
24 279 360
26 291 332 425
14 24 161 218 301 347 428 463
9 71 304 408 490
9 244 359
17 64 70 397
10 238
23 75 189 396 491
21 76 201 424
22 309 378 487
20 189 205 243 304 350 403 474
19 22 287
21 144 155 297 328 365 473
25 331
24 6 63 260
6 164 217 230 258 271 365
19 43 324
2 470
13 114 116 446 497
20 60 89 184 257
14 352 403 420 499
27 421
13 129 344 351 482
20 66 478
22 166 185 310
19 30 340
26 27 51 53 144 325 357
19 22 110
15 17 63 221 238 488
23 400
18 18 69 104 110 314 423 440 478
25 170 198 476
16 20 132 133
25 76 132 194 307 360
11 91 149 207 219 252 296 352 407
13 136 204
29 33 62 130 131
15 50 346 433 457
13 226 322
28 260 435
24 185 245
16 116 393
20 167 267
18 42 64
37 349
15 37
6 27 314 317 361
12 86 124 126 189 366 462
16 17 339 436
27 29 123 229
25 284 358 385 455
21 81 352
21 416
14 109 138 298 315
22 142 181
20 116 146 215 351
26 25 374
15 327
24 58 288 425
16 116 199 317 383 482
28 214 277 337 454
8 260 438
25 171 453 479
20 96 100 111 216 222 378 410 414 416
12 0 61 117 485
13 18 60 85 286
22 241
14 9 21 71 243 334 427 463
17 251 271
30 23 26 350
31 328 446 474
14 241 256
10 12 40 57 133 240 497
14 115 291 311
17 85 289 373 425 455
2 109 170 474
17 142 172 241 476
23 86 178 370 469 488
16 76 81 110 406 463
21 203
16 303
18 79 194 309 477
1 162 388 398
21 136
20 122 225 409 464 497
28 39 139 187 258 344
22 260 469 483
11 114
17 16 202 242 247 305 489
27 278 332 495
6 161 186
27 82 438
16 445
21 121 189
29 314
25 413
29 238 399 434
25 100 285 356 476
22 238
18 0 171 355 367
27 59 184
17 144 263 341 473
16 59 125 452
9 88 172 413
18 107 185 223 272 429 462
25 53 164 176 231 318 429
26 93 123 258 469 475
19 281
3 418
15 240
17 487
20 35 162 275 468
23 296 412 493
21 85 124 239
13 60 80 110 137 156 165 379 394 408 433
22 150
20 117 267 293
19 22 259 441
4 130 211
17 313 323
18 20
15 187 364
31 66 74 216
19 304
19 65 228 430
18 11 37 100 363 448
22 50 146
23 26 138 460
25 202 362 370 372 379
19 2 66
31 0 32 290
20 167 202 269
20 29 145
30 103 391
12 314 352 387
24 98 281 467
9 88 263 331
20 247
14 98 231 305 369 386
13 169 369
22 315
19 271 277 359
28 17 26 30 63 119 206 232 320 366 439
7 406
26 124 283 421 468
17 11 17 429
22 310
31 19 170 471
23 279 394 432 472
10 74 328
14 118 253 440
32 17 90 192 305
12 52 217 447
35 113 210 413
25 163 260 402
29 78 219
20 313
11 3 400
19 394 407 458
22 8 309
32 87 100
26 424 472 474
17 47 327
18 363
15 44 202 260 373 480
13 38 47 152 438 472
15 195
22 243
33 50 202 490
22 153 357
17 2
29 344 450
18 204
20 94
18 96 180 304 327
28 145 180 204 467
18 426
12 2 12 53 54 400
17 47 61 276 342
26 274 297
25 66 316
30 204 346
22 190 327 337 367
25 140
18 27 217 414 446
13 131 188
20 435
24 455
16 189 339
4 151 171 402 428
25 495
18 24 239 419 443 496
21 297 302 332
21 361
15 35 260 343
24 434
24 423
1 24 261
17 19 42 196 355 438
27 178 474
37 48 290
20 16 305 433
13 264 288 346
30 12 185 327 403 457
23 129 463
28 58
21 360 441
24 13 223
21 412
27 137 316
15 57 265 282
18 5 199 372
19 238
14 65 486
16 89 273
24 351 403
22 28 29 172 197 242 302 406 413 416 451 472 496
20 159 167
19 16 349 459
20 362
23 105 468
37 131 492
8 94 277
19 259
10 225 316
12 285
16 235 252 366
23 370
26 152
27 409
38 8 87
22 195 232 332 465
19 37 140 216 268 290
33 133
16 51 265
19 254 273 316 390
18 328 460
9 8 71
16 275
17 218 378
22 265
20 80 281 480
15 55 104 280 435
15 472
12 180 261
13 125 480
26 29 48 73 208
21 25 62 65 117 290 351 478
22 185 350 370
30 439
30 354 359
16 77 114
33 67 349 361
16 21
23 349
20 293 355
20 243 396 454
23 50 223
15 243 371
1 332
18 157 252 360
23 310
19 55 175 425
26 266 379 439
18 84
12 109 178 209
28 370 431
29 325 401
16 89 312
20 27
21 10 255
13 26 43 179 327
20 113
30 337
15 253
17 226 280 355
19 94 194 362 406 429
32 171 459
11 26 126 245 251
29 178 325
13 123 352
15 118 294
21 279
