500 7000 12743
17 16
24 109
11 105 160 167 265 314
20 154 278 286
24 311 396 489
24 15 209 215 296 322 341 372 396
24 459 462 466
29 10 51 145 414
14 110
32 35 296 444
27 51 54 88 346 369
26 137 328
27 8 272 314
17 376
20 34 124 233 242
20 233 367
29 59 215 394 439
19 58 267 387 392
10 283
24 17 142
13 7 171 176 181 496
22 301 408
31 160 172 210 257 359
1 326 382
16 85
10 61 417
33 312
14 288 350 480
9 283 372
37 235
17 237
21 197 380
15 250 280 336 408
13 119 173 395
25 158 476
13 40 71
26 286 428
30 219 365
12 2 27 53 114 365
10 269 335
22 59 125
18 90
14 199 216
17 487
3 9 193 251 254 312 366
13 39 209 461 495
15 19 108 354
19 154
9 22 50 285 389
15 295
10 153 349 436 485
20 93 165 223 242
18 93 406 452
22 161
23 410
19 21 486
22 132 233
17 242 254 313
22 102 467
8 219 321 346
23 114
23 179 231 243 474
20 2 104 406
10 11 37 190 493
20 415
29 120 393
22 406
17 161
9 238
30 373
13 195 435
23 80
17 0
26 69
19 84 447
24 36 120 422 486
25 275 377 398
24 282 350 411 448
15 120 141 312
21 0 169 223 249
28 147 318 437
7 366
20 323 420 426 475
37 263
18 40 58
16 35 103 342 367 403 411
29 162
5 106 275 387
34 46 317
18 159 373
25 76 128 227 246 290
29 106 151 329
8 84 437
23 380 413
23 194 423 441
26 34 169 183 312
27 110 117 187 458
22 218
19 54 267 391 479 488
14 292 360
22 378
23 3 185 343 358 455 479
16 72 98 164 256
10 150 310 464
16 170
17 44 264 332 466 467
12 36 52 179
26 124 485
15 399 417 427 477
14 113 159 464
25 39 227 351
17 220
20 90 115 244 343 363
28 83 106
18 124
18 93 153
23 269 464
18 112 270 351
16 447
9 254 289
22 117 170 272
13 62 100 259
6 225
25 24 40 142 176 184 380
30 320 410 443
25 45 276
23 301
23 163
16 265 498
23 105 304
26 289
18 101
11 55 169 347 425
31 297 343
24 189
18 465
22 4 111 180
30 75 308 437
16 19 268 470
21 232
25 69 76 143
26 14 27 169 334
14 55 240
14 13 90 199 381 431
18 83 176 476
17 30 410
24 30 37 89 99 381 421
10 47 97 127 253 361 396
13 71 233 457
18 63 314 378
6 499
29 72 312 499
22 169 345
28 174
18 376
16 288 444
21 129 373 451 471
15 227
30 4 72 121 193 353 360 383 458
15 36
18 55 414
24 278 427 465
17 19 234 236 442
22 120 409
10 218 314
25 85 354 423
11 43 120 133 364 366
4 153 204 280
16 139 381 389
32 248 293 356 477
25 41 171 219 368
18 365
11 81
16 105 391 499
25 63
18 15 127 337 432 438
1 41 174 297
13 0 10 251 299
25 67 279
5 262
14 265
33 161 164 458 478
18 425
16 277 493
15 61 292 338
17 197 441
24 19 276 385
19 43 228 473
26 36
11 369
21 300 435
10 57 172 297 381
34 224 317 386 445
18 234 249
32 1 97 161 392
24 151 454
32 100 148 388
11 226
14 104 287 288
18 305 387
26 15 50 71 87 111 172 377
34 81 381
13 68 129 274 279
32 114 164
21 26 386
15 32 407
18 52 258 335 398
16 350
16 39 229 235 273 406
13 153 337 360
18 138 162 444
18 175 248 481
21 261
22 393 490
21 212 383 468
22 220 405
28 343 378
16 76 172
18 148 222
18 122 131 229 409
23 34 42 448
32 37 140 446 498
8 145
12 43 179 261
12 89 281 329 474 497
20 227
15 46 123
17 84 249 393 428 434
10 28 337
19 260
18 324 392
29 29 107 382 397 431
17 319
21 235
15 21 41 202 230 249
29 9 89 168 214 305 309 333 348 439 475
13 8 227
19 306 360 419 436
22 180
15 16 17 269 295 360
5 471
22 8 56 117 354 481
15 55 115 146 150 290 337 344 423
12 319
16 294 325 465 490
12 90 462
14 10 39 63 94 225 381 459
18 31 168 346 410 434
16 7 10 38
17 0 336
20 189 449
26 262 313 442 490
14 250 317 473
11 427 428
27 242 295 447
21 259
18 316 383 465 498
11 11 101 257
12 24 245 301 400
8 208
23 41
20 139 357 409 497
21 474 483
15 205 354 375
21 95 166 179 215 390
18 5 92 146 246 350
6 65 173
19 141 424 438
21 14 57 351 415
23 121 147 357
26 340 352 481
19 67 299
18 327
19 107 495
26 187
20 198 473
24 70
20 168 177 270 378 497
17 482
28 148 303 494
18 252 291 294 297 307 439 443 492
24 178
24 348
21 16 141 496 499
25 4 48 203 344
32 360
16 489
27 243 327
21 42 393
26 132
19 124 172
28 17 278 352 461 493
17 367 487 493
10 215 280 282 389
20 77 101
21 93 121 124 136 149 173 205 385
18 24 203 206
22 130 184
1 178 362
28 51 262
23 112 474
9 234 244 470
27 186 282 470
17 70 157 210 399
16 0 87 213 485
12 218
21 21 207 237 297 328 459 484
20 32 472
24 25 178 199
27 225 300
24 200 425 460
19 180 207 277
34 63 289 485
28 197
15 46
27 261 372
17 83 137
23 37 294
29 204 217 282 330
29 149 235 349 426
18 99 477 484
22 83 155 351 396
23 56 262 367 398
25 29 238
21 75 383 499
23 286 302 471 477
16 53 188 218 243 475
13 177
20 140 155 268 301
18 64 206 310 331 479
5 234
20 172 186 431
31 35 429
17 61 226 289
18 92
20 283 460
32 31 350
17 217 434
16 69 117 183 336 401
13 132
3 185 203
25 14 81 124 150 461
22 110 207 236
20 343 455
13 11 190
17 109 332
14 384
16 24
17 42 136 149 376 398 414
26 227 298 299 352 366
12 151 200 278 310 455
25 49 157
10 16
17 299 343
19 21 46 114 207 258 385
25 27 86 343 492
5 22 326
26 333
17 217 394
21 119 286 410 491
23 159 270 298 355
20 321
14 465
23 81
16 75 258 340
15 83 449
18 48 54 180 450
6 41 394
38 34 237 281
20 324
21 262 266 426
8 82 426
23 122
9 36 107 114 244
17 125 239 308 465 473
12 111 389 430
26 494
18 169 363 403
18 249
18 67
21 315 355
25 5 228
27 274 325 326
11 368 469 495
23 9 74 169 287 409
20 126
26 167 401
10 75 94 264
8 108 109
35 73 119 235 322 483
11 13 62 263 379
21 42 120 260
16 477
22 454 479
31 75 187 399
21 44 480
18 151
27 211 402
18 54
13 117 138 250 310
25 160 332
39 89 188
31 279
24 158 187 470
20 122 213 381 399 450 468
19 365
7 171 428
17 29 113
17 45 391 445
21 46 56 187 189
20 331
12 5 139 283
16 98
10 307
24 196 316 448
27 189 498
18 72 352 439
29 355
13 218
19 193 229 411
27 229 417
23 19 440
23 176 402
24 242
17 275 394
24 156 167 412
19 129 216 475
16 37
14 21 295 309 349
14 6 39 474
17 43 214 308
26 62
16 2 151 168 413 459 471
22 275 322 413
22 77 206 397
16 311
32 94 254 413 499
29 341
31 0 82 338 487
25 153 313 351
24 173
10 77 94 313 372 486
19 81 194 207 266 345
27 84 224 302
17 235
28 361 451
13 329
20 103 138 260 266
27 289 439
19 150 423
29 55 177 214 295 362
17 226 263
22 129 447 463
38 224 265
27 149 225 252 321 463 476 492
31 22 172 219 255
17 320
8 158 163 186 270 468
31 60 302
24 197 291 316 483
27 117 361 436
17 116 397 412 482
18 331 353
33 101 131 254 403
17 4 32 177 206 334 451
22 120 307
10 190 350 493
17 365
8 156 357 495
29 179 335 358
20 485
25 346 411
16 139
32 226 324 336 369 377 499
22 71 199 245 314 472 476
6 432
27 239
27 489
14 36
29 98 338 404
5 294
21 418
30 175 259 268
21 393 497
14 128 355
30 10 23 151 224
20 59 162 223 330 345
33 194 321
29 380 467
26 291 340 382
28 108 414
18 394 462
25 115 436
6 162 209
18 151 261
18 85 97 242 472
13 142 145 171 435 467
2 67
22 449
12 95 192 249 337 380 472
18 343
15 7 158 200 210 321 439 488
36 6 117 153 347 401 497
18 335 396
25 98 147 224 308 379
24 21 367
11 14 163 176 365
22 25 50 415
16 117 350
20 75
19 54 129 163 269
19 385
22 476
31 35 244 278 345
27 3 64 427
24 413
26 78
11 59 177 205 345 465
24 373 378
21 103 190 218 438
18 410
13 58 82 127
20 46 374 422
9 48 53 444
12 221 319 460
16 293
7 242
19 302 311 316
15 140 179 251 437
9 130 358
32 99 181 211 309
10 25 151 255 288 371 479
32 308 334
25 140 343 394
21 92 255 278 330
23 112 113 142 209 255
31 49 136 138
26 84 252 367 385
25 224
19 274 463
18 1 39 324
7 200 356
14 75 426
20 5 121 221
15 46
30 16 283 316
12 86 146 296 354
22 278 445
22 273 341 485
24 134 266 303 370 472
11 214
27 457
8 336 405
23 144 360 400 486
25 133 164 422 449
20 16 476
26 239 265 411
15 107 170 207 315 441
17 188 225 310 354 449
22 313
38 2 226 279
22 155 204 306 466 496
17 217 337
7 196 329
22 59 65
29 73 188
19 44
23 82 492
32 63 192 341
10 168 334 490
15 19 277
18 82 187 263 340
16 20
28 104 389
17 285
19 36
16 124 191 317 443 484
20 81 146 194
14 102 182 224 313 330 349 457 463
15 497
19 276
31 49 259 433
19 124 467
20 191
21 30 457 498
29 89 459
27 94 119 143 209 434
32 33 132 208 215 222 420
19 343
17 148 206
26 488
18 7 79 118 458
24 12 311 452 484
28 17 141 469
18 229 297 350 373 411
17 41 304 379 408
9 73
25 140 263 396
13 7
11 109 112 314
15 406
16 191
24 57 147 327
6 206 280
13 39 170
11 199 447
21 51 72 131 221 369
28 43
22 220 257 275 276 375
22 8 219 273
9 102 107 185 243 399 438 466
12 149 477
13 154
26 243
25 79 325
10 73 186 479
25 281 364
16 238 422
22 214 316
19 288
17 1 89 326
4 7 187 255 341 461
23 338 493
2 94 453
24 122 349
24 69
18 88 351 385
22 40 80 94 375 495
33 164 356 367 479
22 38 105 187 254
11 87 291
11 40 115
27 38 432
18 10 95 148 174 316
25 236 445
27 120
23 205
29 443
18 187 237
26 111 343
22 72 165 172 379 396
18 122
18 462 468
26 172 259 399
18 12 138 397
26 316 322
18 100 439
12 71 210 441 496
15 149 294 450
19 140 348
19 79 201 350 377
31 10 383
22 74
14 164 281
1 77
22 42 401 496
32 298
27 203
18 381
12 357 390 464
21 231 390
13 228 302 338 470
9 229 274 483
12 426
10 74 492
21 298 379 414
18 116
36 21 299 308
27 234
24 163 219
19 140 302 486
7 7 180 265
8 83 252
20 221 413 430 459
25 79
20 38 166 230 250 293 427 477
18 123 163 435 499
17 164 399
10 77 127 463
25 44 116 181 220 401 471
14 223 405
15 69 301
9 262
20 9 84 138
28 19 195 474
21 311
24 206 248 252 337 453
13 8 300 461 487
21 3 33 40 52 416 437
20 254
19 141
30 348
18 37 45 261 292 314 327 399
20 55 75 107 197 219
20 22 257 337 338 380 462
21 161 200 370
25 32 343 398
11 209 214 235
12 110 151 330
7 190 241 259 339 391 436 444 469
14 32 48 63
15 223 251 324
20 217 493
2 30 110
29 181 276
34 287 385
7 120 182 412
13 217
25 195 310 421 431
23 148
17 27 149
18 225 283 307 420
19 36 116 409
23 63 405
21 12 79 378 404 479 497
14 31 91 183 327 403 437 473
24 143 282 385
13 200 357 398
21 57 60 96 125 484 485 490
21 0 48 95 456
22 40 82 271 305
32 216 312 491
18 21 53
21 189
13 270
21 206 309 390
7 119 326
20 270 378 408 481
15 343 437
25 326 345
21 169
20 312 339 371 378 467
17 119 170
18 57 383 469
20 120
7 332
19 230 365
19 95 249 329 438
29 327 379
19 242
31 23 395
19 29 348
21 410 470
25 0
8 106 130 479
13 287 458
20 278 307 384
24 349 426
20 56 140 168 346 425 460
26 61 66 220 399
28 56 433
19 464
22 77 161 257 439
13 76 400
21 112 118 160 273 403 431
14 172
9 23 67 206 354
23 24 254 489
17 6 210 370
16 167 493
16 22 169
21 74 93 148 152 254 368
21 378 413
7 455
17 105 163
21 466
23 22
26 427
1 3 222 284
7 404
28 462
15 10 120 137 234 265 385
23 109 179 391
20 48 268
17 68 185 412
16 5 131 457
31 90
16 118 139 270 304 395 470
24 96 210 218 368 411 491
16 172 489
27 81 164 399 411
12 495
18 126 461
20 112 276 321 414 453 476
8 115 241 396 458
24 161 445
23 53 101 254 326
22 79 168 233 354 379 396 463
31 361
23 194
19 117 136 296 380
11 36 145 250 375
18 78 126 343
33 82 151 234 264 278 283 472
6 7 135 152 244
6 15 214 259 287 325 331 376 483
13 19 77 92 212
8 49 184 258 274 417 432 462
34 21 43 203 335
22 135
22 285 295
30 220
19 91 367
23 164 231 352 490
19 97 219 303 443
10 153 383
16 425 488
17 178 316
19 265 355
17 242 367
24 335
13 31 51 92 124 126 134 208 243 438
19 47 118
29 118
15 307
21 74 325
1 268 357
12 141 461
12 42 50 431
8 152 315 351
28 96 162 288 448 470 472
25 89 217 307
18 313 439 474
21 403
26 6 171 255 399 473
15 14 100 157 186 401
17 10
16 458
29 304
19 178
15 94 111
12 224 253 410 435 462
9 84 273 330 332 389
20 24 232
29 103 261
20 190
24 190 221
28 178 247 338 453
15 408
28 18 27 128 425 489
20 37 203 452 497
6 5 137 147 198
18 57 91
20 216 294
23 155 368 401
23 368
28 123 189 205 381
16 375 442
14 112 300
34 175
13 25 347 401 421 441
14 127 279
15 80 404
20 14 112 116 157 353
23 84 205
13 2 102 488
24 140 212 215 288 455
12 23 253 481
9 44 428
7 472
16 234 320
21 61 168 173 223
22 333 357 388
11 172 371
25 387
18 39 211 328
14 42 108 179
5 104 264 346
30 29 201 282 434 484
14 48 150 378 458
29 10 403 438
20 89 282
18 36 42 93 121 310 385 428 431 449
20 176
26 40 68 70 85 233 359
24 10 347 406
26 202 274
19 139 220 350
13 44
14 84 147 197 255 299
23 39
17 384
18 468
18 343 466
9 83
38 255
24 153 269
12 111 422
13 292 401
32 359
14 2 103 163
23 104 126 299 414
26 261
3 205 372 484 489
21 104
7 142 203 339 350
33 145 183 191 192 360 403
22 212 221 468
22 168
19 25 304 336 444
30 144
22 29
26 384
15 38 204
19 384 462
20 18 183
29 73 140 444 449
29 280 301 334
15 129 224 466
20 108
5 7 136 167 222 454
29 184 315 420
5 68 401
12 38 380 430
11 11 89
9 187 345 481
10 280 334 392
15 17 83 172
7 42 106 116 130 136
16 373
12 195 266 316 365 391 429 438
29 344 348
42 401 496
16 110 259 471
26 414
13 29
23 123 242 338 412
12 203
18 94 184 242
29 49
9 324 429 444 476
15 15 255 281
30 192
26 331 382 415
41 63 320
26 121 220 343
14 134 189 273 285
26 62 258
21 104 151
15 223
12 277
9 4 17 28 168 331 343 387
16 32 328 352 421
14 285 415
21 47 166
24 377 470
18 288
17 84 173 253 314 336
16 107 152 265 267 282 485
15 256
8 144 230 256 356
24 53 83
25 241 310 321
27 368 375
21 4 467
35 31 382 450
10 5 71 448 498
29 296
10 217
33 277 306 403 485
15 55 263 362
24 83 85 139 207 226 389
11 250
23 6 417
12 91 108
22 289 325
22 54 245
33 2 72 217 306 470
18 379
25 138
37 313 391
21 308 367 424
23 198
19 49 345 365 410
15 476
20 245 339 391 443 483
14 353
21 29 461
26 467
34 268
16 53 94 224 403 436
12 79 140 226 353
22 223 347
18 85 122 304 490
12 197
7 179 180
24 39 458 499
25 17 101 304 385
15 24 249 451
20 254 422 439 492
23 293 296 343 362
18 34 206 322 394
11 331 338
12 304 341 408 448
17 136
10 178 287 398 412
12 55 110 203 406
25 261
16 316 366 377
16 316
16 31
11 85 99 380
17 48 135 312 316 375
16 18 71 172 295 391
13 207
22 44
26 425
32 209
4 173 201 322 434
14 0 284 363 374
17 34 443 478
17 274
20 29
21 262 394
26 128
14 106 464
15 115
22 205 326 425
17 44 316 358
20 284 315
17 56 57
17 405
32 54 106 404
23 19 37 161
8 364
30 119 215 303 447 461
26 56 182 295 354 358 405 421
14 128 133 183 279 328
26 164 246 321 459 495
35 135
18 51 309 374
10 124 486
7 252 300 312
10 146 230 361
16 308 419
15 206 339 426 435
6 89 202 360
29 214 222 267
30 60 99 118 310 343 383
14 39 223 362
31 155 485
16 116 292
26 101 166 191 332 344
36 321 390
17 300
22 485
16 25 110 176 404 475
19 59 376 387
31 253 292 318
12 148
17 386
5 93 129 289 295 315 449 480
21 7 343 481
19 157 225
27 224
18 13 29 355 373 385 440 466 482
17 60 263 333 458
18 107
13 15 419
28 61 224 324
20 65 269 451 469 497
24 26 223 327 437
2 37 190 289 335 399 435 465
20 21 130 200 292 444
22 19 30 200 247 372 420 492
30 50 160
28 147 286 445
18 427 479
15 160 214 229 489
18 242 284
26 14
19 402 444
17 152 269 340
26 163 440
17 53 89 306 383 384
35 129 231 250 412
21 263 425
20 227
23 469
31 7 169 173 182 212 312
4 268 308
29 91 136 298 314 411
17 63 108 283 377
32 77 312 365
31 103 110 158 363 372 432
10 330 410 429
28 134
19 307 361
21 144 407 488 495
15 31 70 220 278 336 426 456
29 57 95 178 210 317 390
17 83 135 494
21 307 373
21 24 166 260 270 363 398 443
20 32 234 448 468 488
23 96 109 215 417 432
29 26 293 424 455
22 325
27 19 32 98 163 344
5 419
5 236 285
24 12 193 209 260 267 273 285
24 58 98 241 276 277 332
20 31 59 233 318 326 389 465
10 13 129 422
13 2 242 276 323 390
16 110 187
28 24 66 149 201 254 262 286 408 438
19 70 137 339
8 32 115 176
33 415
13 17 42 71 123 181 405
25 118 347 362
22 43 84 100 187
18 333 499
9 231 424 497
19 45 302
27 67
22 168 407
10 128 137 159 190 288 384 422
11 79 189 334 392
33 226 310
32 387 488
7 188
22 62 360 397 472
16 113 357
19 26 53 178 324
29 22 188 326 397 420
31 247
24 19
20 436
16 383
28 73 152 264
19 143 187 456 478
9 230 281
21 43
23 49 145
9 235 268 286 293 477
27 373
20 67
14 18 22 60 161 227 277 335 486
10 106 187
17 144
26 36 103 298
23 239 402 486
28 87 320 431
15 84 299 317 401
21 40 326
14 102 150
19 53 110 129 144 152 196 259 369
23 129 143 254 320 360
12 64 315 484
22 1 23 155
24 128 152 209 377 455
22 196 221 266 389
31 347
22 198 228 411
19 30 330
13 302 367
25 120 142 148
8 353
18 18
15 98
21 35 42 355
26 156 215 424
19 184
14 127 321
10 8 332 364 434 435 463
39 18 125 341
39 103
11 48 169
14 219
19 284 358 399
2 53 163 233 286
23 374
19 164 230 278 348
23 66 304 323 488
16 57 191 350 458
13 151
14 52 140 348 369 420
14 44 275
29 2 153
17 308
28 46 86 308 475
21 357
24 302
30 182 215 270 378 389 424 436
6 35 129 498
23 35 261 378
8 11 247 373
22 369
22 345 445
13 8 69 394
16 26 122 401 490
16 343 362
22 89 111
9 381 428 451
11 221 236 246 308
23 392
16 270
13 69 248 299
10 236
15 469 489
9 165
20 249 269 393
20 315 471 476
24 140 213 372
21 359
15 67 167 181 235 388 434
23 95
23 162 344
30 56 62 210 329 422
23 26 56 183 328
7 16 118 269 280 304
26 56 161
35 265 460
8 125 190 204 471 474
13 283 413 414
28 463 496
6 443
17 3 262 299
28 227 471
16 233 337
18 60 445 495
10 2 43 115 169 264
22 14
19 143 424
14 279
21 194 272 402
18 135 211 307 349
16 24 51 240 443
14 37 139 186 232 284 347 355 451 468
24 339 343 443
33 7 47 51 99 210 431 495
21 304
22 142
27 77 139 234 302 323
27 325 455
19 16 80 316 493
17 203 257
29 427
19 82 353 395
20 249 402
14 42 52 206 469
21 12 179 186 389 407 416
33 169 321
37 54 496
10 304 309 326
16 165 237
35 45 111 273 469
14 21 270 363 398
14 17 91 145 228 247 373 499
10 86 157 240
31 27 443 484
24 4 76 78 89 271
11 242
19 419
19 134 169 304
29 167
29 448 495
15 176 203 283 448 499
1 189 369
14 16 45 298 315
7 38 282
29 80 238
11 93 178
16 326 443
23 78
29 126
16 232
21 93 142 197
4 253
23 3 251
18 18 22 244
16 181 231 361
17 441
26 12 29 33 52 69 107 409 411
23 216 240
27 85
23 130 141 216 306 317 361 430 451
13 334
22 6 347
20 32 115 212 248
24 424
25 64 234 316 397 427 433
13 219
14 115 122 305 325 395
23 53 71 168 182 188 305 425
22 176 257 274
20 237
16 157 212 319 401
12 438
20 138 232 422 476
21 282
24 245
6 94 135 475
17 197
21 193
14 139 140 202 421
12 154 272
19 167 301
15 339
7 429
17 42 276
12 427
21 453
30 149 319 473
23 75
29 136
21 145 424
36 43
30 131 248
22 145 248 372 399
7 341 416 446
21 119 277 345 377
37 113 124 208 223 404 433
21 59 87
19 115 313 452
21 183 335 441 477
36 11 112
26 386
17 229 278
21 103 307 458
22 62 413
20 26 73 87 151 204 459
15 63 119 315
21 155
20 105 236 377 415
12 45 376
17 206
25 237
30 119 157 174 254
17 382
16 45 50 100 171 192 288 322 460
13 192
8 369
21 228 252 300 363 401
13 44
14 223 429
17 16 234 493
30 13 19 118 147 208 279 396
10 179 330
32 19 101 115 196 217 347 361
19 67 113 469 482
5 86
24 151 382
19 5 105 153 250
24 124 274 280
15 273 458
24 43 300 370
7 112 143 276
22 284
15 65 99 363
30 10 76 145 191 329 347 394
30 165 282 301 320 481
29 180 287 330 380 467
27 269
13 295
18 266
20 19 498
14 16 79 86 191
18 173 325
20 35 43
36 478
16 151 278 362 380 383 444 464
17 6 114
19 3 53 106
27 153 203 210 280 303
27 5
20 482
14 172
24 368
24 87 207 282 310 355 419
21 24 37
24 330
25 22 141 199
7 25 44 91 344
14 44 70 191 352 395 455
17 221 336 353 391
21 254
21 407 465
15 123 308
16 33 35 42 88 396 466
26 332 451 469
14 124 127 319 409 466
21 154
23 189 353
24 47 102 353 489
21 14 48 90 248
20 154 324
13 287 345 449 456
22 238 281 433 489
19 87 184 318 347 363 382
20 25 221 428
19 21 107 227 279 327 475
17 58 277
35 37 59 182
26 55 94
16 155 311
18 451
27 120 168 170 191 226 264 359 381
25 129 136 417
17 273 395 403
22 45 56 209 254 346 400
19 215 281 486
27 123 322 382
19 7 164
18 224 344
2 186 343
22 124 125 175 443
25 128 297
12 148 183 467
20 37 418
9 464
16 54 134 352 366
6 161
26 33 216 267 283 288 463
15 140
19 410 457 487
21 128 140
15 481
21 110 212 442
14 122 156 257 316
20 67
23 86 117 322 388 428
32 44 218 433
28 108 460
19 14 59 139 173 178 240 388
22 144
15 47 178 192 429
23 69 253 353 381
18 0 43
19 342
25 11 54 72 76 77 159 230 340 427
30 170
27 364 438
12 137 352 460 461
19 259 288 305 401
14 33 277 466 478
21 0 24 407
14 241 391
17 217 348
23 112 191 248 437 492
28 154 234
25 57 74 201 338
16 293 353
28 284
13 95 182 470
21 15 421 462
7 75 201 314
16 14 146 213 292 364 417 436
15 341 379
24 67 135 145 275
12 195 249
27 345 447 485
29 205 351 454
31 201 482
15 97
15 142
15 118 441
32 112 215 420
20 173 254 376 486 488
28 170
16 7 385 413 466
7 13 24 164 198 307
28 117
17 350 488
24 113 222 349 406
20 230 339
34 162 291 470
13 161 236 310
22 243 487
15 146 173 252
22 34 81 97 203 264 390 483
18 59 391
23 25 142
29 294
20 362
14 301 404
29 119 200 205 228 263 265 328 377 386 446
13 315
20 89 305 394 443
32 67
15 203
13 386
17 198 266
34 60 96 136 310
26 184 187
18 137 183 268
30 41 201 275 322
22 2 333
12 299 370
21 6 91 240 342 452 464
19 65 102 194
33 90 261 399
29 17 51 465
15 318
8 55 291 393 453
6 74 136 225 237 367
16 51 62 285
14 263
30 30 68 152 166 278 285 367 389 446
23 237 319
24 108 448 480
26 44 421
19 426 495 497
25 3 21 79 386 454
14 237 401
8 185 408
10 120 441
22 25 95
31 9 61 217 230 350
28 0 69 458
22 46 299
16 279 355 366
9 201 291
4 66 263 376 433 457
27 81 251 468
16 242 362
29 380 476 486
24 129 233 357 401 419 465
15 386
36 16 35 149 203 289
25 30 40 130 193 312 334 381
25 229 427 455
17 343 367
23 124
28 240 335 487 488
19 33
11 106 278 498
13 39 71 121 275 392 393
18 30
26 5 353 424 448
24 168 262 360
26 307
26 33
17 494
22 170 291 348 414
19 231 349 473
25 146 241 289 418
19 156 456
17 99 206 423 447
27 170 210 431 485
23 162 206 235 267 480
26 19 28 35 60 184 335 396
29 62 252 284 286 307
17 41 58 167 426
26 111 137 140 249 272 314
29 124 246 281 377
29 9 225 445 469
25 181 273 288 382
38 461
20 42 319 334
35 170 257 259
17 226 278 290 465
21 41 494
27 452
27 19 270 493
29 473
22 487
8 340
21 115
18 112 273 275 387
18 142 144 293 320
17 231
23 145 159 198 232
23 56 199
33 66 275
17 121 463
17 118 142 286
24 93 455
14 49 431 499
31 103
21 8 153 354 394 443 449
17 31 163 207 316
23 456
10 53 480
16 8 147
28 71 200 262 383 400 482
18 6 33
20 131 283 285 345 389 391 401 407
32 48
16 50 255 275 484
33 217 222 366
38 207
5 8 217 428
12 196 235 494
20 453
11 24 132 186 394 398
12 37 65 446 488
20 90 468
19 139 173 312
18 201
13 36 172 487
16 14 399
21 318 430 476
19 34 68 179 184 308
32 115 218 439
15 221
17 266 316
15 36 46 213 339 487
32 129 155 442
18 92 111 395 446 477
23 253
20 47 138 190
30 78 217 391
20 14 31 359
37 131 285 296 398 402
28 486
14 367 399 460 481
18 36
26 319
16 49 84
35 183 315
24 408
23 314 390
18 3 8 327
28 240 258 288 306 412
18 4 164 265 288 472
28 130 225 344 421
27 167 430
6 4
22 91 190 448
13 30 36 88 270
16 56 276
25 33 187 357 482
19 168 231 313 363
26 176 292 439
11 132 187 347
15 155 328 382 442 499
6 207 343 485
10 458
16 81 469
21 112 114 138 266
34 12 78 240
13 499
14 158 174
20 125 227 431 486
16 180 213 264 299 312 475 493
28 140 160 336
25 221
35 416
11 333 361
17 326
29 205 248 414 499
25 48 266 308 379
14 106 154 277 359 437
26 305
19 331 431
20 295 394 405
18 49 104 154 265 314
14 214 215
9 326
25 24 389 417
23 97 104 472
22 349 499
11 7 107
13 8
14 217
30 40 370
21 78 98 205 292 293 414
23 54 198
21 74 100 294 439 446
22 485
13 302 451
21 67 160 262 324
12 181 462
23 93
17 241
7 49 183
25 275 286 301 443 469
18 125 159 207 306
20 270
14 460 469
20 279
25 14 203 284 381
9 216 290 433
17 128 162 257 277 321
19 297
12 223
25 479
11 0
28 58 471
19 69 223
27 136 365
13 45 96 379
34 51 121 245 492
8 278
13 117 212 374
17 120 280
34 205
3 332 384
26 271
18 41 103 123 147 165 177 203 257 393
15 209 383 394 493
18 78
19 157 374
22 461
13 89
4 276 392 442 445 473
12 98 213 336
14 419
12 168 302 351
24 76
24 259
12 113
18 300
27 165 195 326
22 40 51 75 78 144 290 303 343
15 369
17 185 295
23 45 392
24 186
17 168 454
31 368
15 63
15 2 175
8 160 257 331 378
17 44 51
8 142 304
33 143
19 43 158 247 344 355 395 479 481
6 177 242
19 103 152 191
1 144 409 436
30 98 179 298 423 469
13 285
22 194 347 393 476 495
8 74 134
19 119 165 250 443
18 186 343 454
12 31 300 372 381 466
21 234
13 82 92 492
24 22
27 119 145 248 278
21 189 228 351 402
20 268
13 217
6 14 85 103
9 88 209 263
19 42
11 95 154 230 411
23 7 13 242 470
14 31 198 272 302 328
17 184 285
10 58 197 238 388
29 156 397
16 37
23 18 98
18 136 456
20 22 362 459
26 5 93 459
22 52 284 375
9 188 403 404
26 107 308
26 7 80 428 458
17 272 328
20 140
25 107 143 222 297
13 25
24 89 105 335
14 48 96 157 353
8 220 314 328
10 240 253
13 16 314 438
13 27 324 356
22 330 365 405
19 33 105 163 351 382
31 15 25 82 101 235 251 256 261 464 466
12 136 166 192 224 253 277 325 447 466
27 37
27 19 398
30 454
31 376 382 421 441 480
22 175 361 444
2 183 308 363 427
16 443
22 56 77
17 44 301 329
26 175 238 264 270 275 412
25 7 222
23 174 418 471 477
15 69 249 287
18 156 402
26 455
27 77 270 434
17 172 433
13 234 304
33 157 392 411
15 136
15 65 116 124 158 174
23 108 199 257 339
12 14 82 461 480
8 21 286 338 400
8 361
13 153 338
20 483
32 327
26 319
14 257
10 191
15 61
12 175
15 1 46 52 155 398
20 38 94 329
19 260 271 483
23 91 149 261
18 21 131 454
11 345
13 292
20 87 180 315 407 462
18 135 216
23 248 268 490
29 2 209 346 352 386 474
25 44 125 139 310
33 111 319 458
15 200
32 490
16 330
21 485
21 449
19 100 248
10 40 89 241 471
20 195
20 55 103 235 239 289 462
14 66
16 16 244
16 89
22 372
11 423 455
15 301 383 393 486
15 251
26 267 445
24 46 413
23 177 335 464
23 210 434
23 429
18 88
13 317 344
13 54 252
20 110 178 244 305
19 318
17 333
28 56 347
22 143 356
14 487
16 216 323
9 43 90 157 239 367
18 125 236 304 473
19 94
11 6 199 205 266 288
22 147 160 477
25 119 187 314 430 469
18 301 421
28 7 413
32 92 122 196 200
19 451
18 227 390
28 25
21 185 283 347 380 487
19 17 110 163
29 29 100 226 356
17 11 160 300 346 392 426 473 478
10 36 45 278 293 443
10 446
18 119 156
13 382
12 207
23 149 248 264 278 331
18 194 293
13 39
20 58
21 333
25 212 470
22 24 349 488
20 81 311 405
6 152 345 368
13 230
22 330
9 85 224
16 164 224 324 426
25 133 234 439
14 79 150 216
24 151 250 253
19 25 303 468
26 465
23 201 305 484
29 221 315 354
28 15 57 157 209 366
18 170 426 440
18 123 129 196 363 422
25 287
16 125 193 389
18 41
12 8
20 248 320
7 11 33 111 119 149 241 263 394
25 1 73 313
26 43 71 314 398
23 409
3 390
23 203 329 376 405
16 403
19 207 473
9 258 429 450
26 415
32 352
19 90 174 378 483
15 161
9 431
20 386
23 149 475
16 106 126 353
15 16 311
14 79 252 359 491
33 8 267 282
23 144 249 399 433
14 81 397
26 93 145 149 178 257 260
29 232 377
15 262 292 392
9 263
16 94 198
22 435
24 110
11 291
8 4 44 273 303 364 466 487
15 457
24 48 78
12 352 483
17 250 269 364 382
17 23 192
12 16 368 388 434 497
18 118 217 288
18 425 489
10 457 475
7 5 116
10 339 488
19 38 170
8 26
17 109 237 303 339
31 254
28 117 335 364
32 319 340 365
19 55 205
6 18 199 290
24 195 440 473
27 145 444
15 49 333
23 217 414
23 32 282 398 461
11 110
17 129 473
6 182 202 275 302 499
19 272
24 319
18 154 373
16 114 116 377 389 470
14 71 204 302 407
16 120
21 22 25 130
4 191
26 81 237 280 366
16 65 269 308 477
10 368 494
9 72 223 315
6 38
9 486
20 99 352
6 135 203 277 345 457
25 146 158
19 103 187 450
4 470
19 297 459
20 391
10 215 258 291
11 86 286 429 452 466
18 169 471
17 9 17 39 58 258 285 352
25 184 191 317 344
19 22 313 460
28 133
32 123 227 450
19 88 303 334 476
35 342
22 81 196 261 400
20 44 158 171 427
19 382
7 208 408
18 337
18 259 348
6 81 360
16 139
13 419
22 271 414
26 166 400
26 125 395 397
16 435
22 146 271 329
25 4 61 228 387 432
12 59 306 399
29 62 317 343 413 494
23 108 447
16 246 349
18 384
20 311
34 40 43 325 406 487
15 240 290 326
19 32 62 73 140 164
32 247 297 304 310 402
18 86
12 51 93 110 414 442
20 423 494
22 234 279 304
21 189
14 329 461 491
23 63
23 221 473
18 183 230 353 390 444
5 332
26 25 262 354
10 18 436 437
36 243
13 295 296 320
19 139 172
21 170 184 277 339
15 332 357
15 350
10 79
12 467
15 338
22 337
17 95 282
25 79 92 271 430
15 60 179 183 379
24 221 287 389
13 44 110 193 464
12 95 191 322 401 479
22 34 85 392
12 383 464
17 258 424
11 180
21 412
13 96 176 184 262 305 407
30 37 112 213 451
13 49 129 260 297 303
22 75 388 446 458
21 404
18 215
27 435
26 39 229 384
20 159 215 440
22 62 169 418 455 475
9 23 46 49 78 135 172 175 288 384
24 14 170 301 360 409 461
15 33 52 130 263 280 313 326 383
23 186 254 347 456
19 7 156 227 279
25 299 397 413
16 317 468
5 245 308
14 6 317
24 281
26 219
24 41 133 239
10 313
7 113 119 165 183 303
28 166 317 386
16 361
15 130 134 412
24 124 293
24 151 301 315
23 64 82
24 101 111 193 225 429
21 289
13 31 77 205 266 333 495
21 362 371 378
21 95 112 423 446 447
20 55 137 143 241 385
23 32 143
10 80 488 498
18 118 178 241 305 334
16 60 117 427
21 63 393
18 30 134 303
31 265
17 288 476 483
20 238 332 426
29 138 222
21 315
18 111
14 206 421
21 7 105 452
13 26 40 163 381 468 492 499
21 78
20 225
23 346
23 244 365 392 485 492
26 382
19 31 213
8 190
22 215 336
32 15 17
27 70 148 161
23 91 196 216 462 483
10 447
18 32 114
31 59 96 138 173
26 318 370 430 481
12 8 67 237 437
13 2 81 150 289 303
37 9 16 132 316 445
34 59 84 126 468
20 440
19 152 160 326 409 425
20 52 428
25 162
23 215
27 53 198 324 402
6 31 123 156 358 366 461
23 229 247 318 327 392 393
20 43
13 193 221 361 447
23 496
22 24 224 357 401
31 59 61 70 75 315 453
19 270
13 207
26 65 135 209 227 320 439
10 123 369 388
17 37 234 293 383
14 249
15 291 306 329 346
16 82 125 457
21 25 29 50 54 188 219
16 99 186 210 316 342 445 480
21 27 246 429
9 70
11 60 239 401 432
18 260
26 283
19 30 154 231
18 167 262 354 357 456
31 373
23 91 170 238 325
16 234 324 390 487
22 435 478
17 231
8 150 180 213 379
22 79 320 359 410 497
18 213 227
19 57 188 199 393 445 451
19 21 54 208 216 379
15 449
26 457
23 61 353 458
23 189 288
13 253 316
22 329
19 38 83 118 128 185
17 40 100 178
12 193 330
27 14 122 147 357 370 413 442
19 70 154 304 428
31 190 197 267 348 377 494
15 5 37 324 479 499
25 301
34 5 376 464
10 41 109 136 486
1 38 93 301 406
26 360 451
13 469
18 249
29 94 235 302 332 381 410
26 486
24 475
26 343 385
25 57 254 324 458
21 128
12 170 288 326 485
26 156 401
25 186 321 389
24 31 101 375
17 24 104 172 216 491
17 57 152 306
19 198 361
15 241 463
19 124 185 264 277
23 19 118 236 321 437
11 144 274
11 86 191 327 361
12 364
15 71 276 352 413
8 261
28 353 453 491
24 1 96 131 147 378 458 473
15 69 464
29 12 382
12 18 312
20 76
22 165
17 66 200 338
22 116 247 308 384 422 456
18 195
18 245 267 398 426 456
15 121 279 436
20 88 210 235 256 295
23 218
9 247 289
7 252 467 475
14 111 234 276 277 355 477
17 72 121 203 447
16 202
19 253 281 460
15 144 471
31 18 331 398
18 129 185
21 37 283
39 394
17 93
21 231 443
21 359
13 465
19 61 475
23 258 406
23 74 102 140 141 176 333 389 410 486
17 231 234 383
18 50
23 70 240
15 23 41 178 300 318
31 107 387
8 207
19 258 308 346 350 436
21 291 385 475
18 54 124 313 315
18 271 346 347 442
16 180
20 42 63 152 225
11 100 226 467
20 24 193 205
4 347
9 208 349
18 60 237
28 6 126 137 395 462 485
17 411
24 127 286 323
31 12 112 114 167 285 460
34 187 432
12 149 413
24 56 345
27 22 150 227 372 451
14 198 327
20 317 351
10 91 366
15 165 394 418
18 41 223
26 348
14 37 352
13 71 325 414
31 59 301
18 234 279
23 264 448
18 128 296 489
26 105
13 74 264 390
16 18
6 120 325 410 456
17 490
18 181 281 395 417
21 174 242 249 259 271 361
19 94 112
15 174 187 373 401 469
10 265
13 9 351
14 217
14 89 95
21 243 374 437
30 36 407
24 148 344
10 228 297 312
27 230
31 31
23 467
21 221 281 361
21 413 486
31 1 407 444
24 17 34
25 329
28 42 195 416 466 483
27 22 260 335
11 42 152 272 336 488
20 71 129 231 261 289 420
11 17 70 100 321
18 178 255 279 465 481
6 15 359 483
11 57 93 99
1 134
8 272
24 11 70 92
25 432 475
24 79 138 358
20 371
10 105 199
31 201 241
32 113 401 494
14 88 496
29 83 89 234
19 143 146 236 470
31 151 184
15 48 59 397 410
31 81 166 208 266 487
32 254 330 463 482
29 101
20 343
21 283
23 1 66 204 474
11 49 422 461
7 167
30 37 181 335
14 77 183
16 165 205 383
23 172 222 293
21 96
20 83 309
30 419
29 25 36 140 204
17 159 395
20 201 216 346
7 138 202 444 466
12 357
4 219
20 123 139 319 334 361 456 466 483
14 165 231 376
14 27
30 83 401
28 149 208 282
17 2 58 152 272 479
24 33 40
30 314
12 143 304 424 495
18 59 433
26 382
16 92
19 36 377
23 372 387 422 427 435 473
30 293
18 171 303
27 94 255 368
26 61 260 309 410
14 12 205 429
13 233 277
20 293 310
25 44 452
17 100
35 183 394
17 216
13 129 159 218 246 424
16 284 380 409
25 123 390 480
33 10 152
21 234 449 451
17 140
26 385 487
16 227
13 134 198 229 230 337
26 37 161 234
27 244 261 479
16 61 347
22 382
15 416 481
25 62 190 333 370 471
19 30 456
23 157
22 142 316
27 168 172 455
19 77 407 482
22 438
21 445
14 151
14 266
16 78 244
15 352
8 115
7 64 415
16 180 217 366
24 383
15 49 459
10 183
21 29 34 96 223 333
31 103 183 474
22 266
11 342 378 460
13 270 326 370 412
27 301
25 373 435
26 55 153 319 397 468 470
4 130 153 219 353 493
28 303
25 120 135 232 468 488
23 122 365
23 254 326
20 183
3 36 46 114 363 377 471
17 5 126 192 404
15 473
19 107 125 274
12 425
23 35 288
24 63 263 286 289 367
12 159 345 464 488
19 392
13 139 205 225
14 80 315
20 96 134
1 188 470
7 138 171 297
12 154 392 493
7 57 462
15 329
35 125 161 301 398
29 193 483
20 109
18 143 225 280 329 345
11 136 272 408
16 142 257
26 81 122 491
28 23 38 352
20 24 51
16 96 253 296 343 346 382 488
32 38
28 138 145 179 254 314 436
23 50 292
25 6 270
30 258 383 468 493
15 13 78 219 282 374
24 167
30 46 160 196 236 305 335 358 433
12 25
24 222 467
9 108 254
27 6 104 461
8 46 417
24 253 269 276 303
24 237 242 460
26 241
25 17 60 222 357
14 22 407 418
26 54 207 333
12 123 143 250 387
18 83 118 365
15 195 259
9 78 196 276 293 439 495 496
23 135 445 499
44 285
4 262 279
8 263 426
19 51 263 405 441
20 186 401
33 20 268 291 324 354
20 422
15 181 273 401
22 156
24 440
35 20
20 166 194 286 435
18 231
12 164 282 305 318 377 460
13 117 150 415 464
25 3 121 258 273 317
14 156 280 370
10 122 191 251 418 424 468
20 59 212
22 37
17 159
25 6 43
12 267 337 345
15 64 93 101 359 497
13 478
14 60 119 170 232 366 378
17 3
8 62 224 472
18 91
17 84 274 376
15 202 239 275
17 7 496
15 49 186 392 422 477
23 20 68 210 282
23 29 123 193 207 393 398 452
19 24 87 190 197
27 325 368
19 296
29 28 143 442
17 72 331 379
29 12 336
18 58 69 163 404
21 91 120 266 345 467
17 409
21 146
18 92 494
10 411
24 52 144 151 418 423
19 489
16 171 210
18 246 408
10 221 394 476
14 27 102 108 167 449 484
16 190 289
19 231 477
32 60
23 332
9 26 38 65 275 435 486
6 11 64 163 380
32 68 373
18 139 276
27 83 288 434
36 292 401
13 81 240
16 42
19 23 161
12 176 192
10 36 48 273 359
20 1 67 147 407 445 497
10 0 216 274 323 383 407
6 169 189 354
20 229 419
23 329 398 481
18 21
19 231 277 290 301
12 14 72 127 207 458
15 133 170 284
12 148 475
21 119
19 196
14 398
28 215
9 236 305 353 370
38 239 424
29 190
26 335 364 389
34 317 420 441
12 167 181 217 420
28 169 283 440
11 11 35 51 93 152 285 455
7 177 474
16 428
23 249
30 108
10 251 394
24 430 488
13 81 494
31 252 267
7 150 181
12 113 275
12 184
21 311 325 467
12 108 183 339
25 37 383
15 210
20 219 270 430 466
33 301 308 353 442
17 93
27 3 157 388
20 63 136
29 90 134 149
22 161 178 225 497
37 142
34 178 193 300 389 478
24 44 299
20 60 239 425 464
22 21 316
20 296 450
19 185 394
18 208 210 232 233
29 203
25 18 236 244 320 428 462
8 138 212 258
12 236
21 280
26 336
27 60 74 223 247
20 41 49 112 163 214 402
17 320 429
20 220 250 252 292
15 221 402
17 135 217
8 91 250 343
26 407 482
19 16 78 263 435
20 201 301 453
14 467
12 63
9 290 316
25 69 394 481
20 66
10 299 313 417 430
19 281 298
18 119 341
29 104 115 183 186 314
24 245 328 382 409 494
11 196 498
7 78 385 444 469 492
36 288 389 472
24 223 294 328 337 406
26 369
27 338
31 316 444 458
27 152 340
20 338
23 350
12 15
9 38 65 108 349 483
32 48 283 330 369
5 60 69 134 174 253 373 374
7 225 259 371 428
23 240 436
14 3 169 208 287
19 109 162 272 364
23 430
17 228
12 38 75 246 377
16 42 53 445
28 45
19 78 159
15 212
27 338
16 254 366
11 239 315
20 47
16 291 407
21 27 148
14 28 29 134 149
29 10 185 495
17 93 251
20 351 359 388
20 99 161 278 293 366
26 20 59
20 3 123 273 368
24 114 393 399 471
18 105 489
25 302 371 473
17 279 282
7 47 78 105 271 290 303 494
14 29
34 125 148 230 371
16 192 249 265
11 490
12 430
21 108 137 327
24 489
19 4 40 290 345
24 46 57 100 108 294 299 370
16 59 338 479
17 158 327 451
13 73 108 399
21 384
20 27 332 391 466
13 124 244 483
22 196 229 284 429
6 69 182 185 239
26 396
14 479
20 193 479
19 211 239 248 349
26 38 67 160 170 288 292 361
22 48 131 298 343
32 15 51 147 210
21 99 263
23 146 254 392
27 52 160 291 398
19 127 445
19 306 377 397 488
17 83 204 475
24 480
8 365
31 446
16 378 466
17 172
6 384
20 204
19 200 408
28 156 300 339 448
16 168
38 150
15 114 188 379 410
5 37 83 155 289 354
22 390
8 438
19 189 327 376 380 465
24 102 150 352
16 37 48 69 216 307 433 493
32 7 47 62 199 357 462
17 154 390
29 85 96 361
21 222 393
20 143 352
22 101 125 333 394
30 228
19 379
15 449
24 20 482
35 274
19 273
17 402
22 270 396
29 189
14 113 254 303
29 94 319 337 417 435 479
22 22 212
25 27 201 461 487
22 5 412
14 51 126 385
30 37
20 243 266 362
26 257
27 365 488
28 72 106 411
23 11 80 102 261 292 356
26 112
33 489
24 67 179 400
15 388 454
5 312 495
11 35 203 420 450
31 17 34 48 127 132 134 164 363 495
21 438
12 244
23 2 421
27 144 215 339
32 44 185 246 288 350 351 367
21 18 103 176 489
15 75 117 419
21 141 198 302 342
29 120
25 11 375
19 32 71 124 155 222 346 355
32 24 64 109 189 215
16 25 70 156 342
23 9 190
27 66 163 249 255 317 424
21 405 425
11 125 163 182 257 437
6 163 258 284 405 424
31 4 137 373
22 252
19 39 88 204 227 260 364 376 381 409
20 89 101 363
17 82 311
21 4
12 291
1 199 201 249 292 301 360
10 72 495
15 114 164 199 326
21 56 143 211 291
15 264
16 355
9 121 247 313
20 198
13 32 96 228 363 440
21 145
17 44 236 260 464
31 34 50 446
16 73 127 187 219 356 409 456
20 6 32 40 262 368
20 213 289
13 73 166 454
18 5 21 39 119 216 232 239
17 481
13 13 196 338
6 130 278
18 95 181 241
22 66 130 183 242 498
17 193 284
23 125
4 261 320 336 342 412
20 150 179 453
34 30 209 320 346
14 170 229 442
25 213 482
16 140 180
24 225 298
13 259 285 333
8 345
15 54 84 413
19 447
29 221 314
19 46 247 289 297 298 496
13 30 93 266 357 401 402 434 476
19 362
29 361 427
9 389 445
24 212 224 369 380
22 87 219 239
25 169 297
13 299
22 454
23 244 474 490
24 100
19 235 240
23 26 197
25 148 194 264 324
24 296 451 462
12 144 338
35 28 30 131 180 263 335 349
16 105 179 221
25 186 274
25 26 162 248
10 358
12 26
9 65 226 293 386 463
22 164 230 402
21 11 424
15 241 455 486
21 66 149
16 44 340 347 455 465
15 116 127 280 443
23 185
18 22 305 463
22 146 262 424
23 11 154 271 469
32 228
18 66 123 191 314 354 495
25 172 317 327
15 46 119 204 353 448
12 497
24 30 95 276
22 150 309
33 499
18 87
16 55 67 413 429
19 210 365
27 483 488
14 136
18 16 97 136 289 314 377 378
32 493
24 363 491
32 22 124 159 184
12 249 385 395 463
9 304 466
14 69 95 195 346 353 412
23 49
15 495
19 6 341 425 470 492
26 38 213
23 315
14 363
20 85 234 274 411
12 98 474
23 110
17 199 289 350
25 9 133 193
13 155 250 306
30 20
23 42 77 157 240 364 380
13 192 240 278 402
9 10 205 456 482
23 111 433
23 123 363 449
19 9 200 345 384 452
22 210 229 267 451 465 489
16 342
12 435
21 300
27 35 109 140 388
17 61 345 386 445 448 481
21 274 415 476
25 289
37 25 266
14 132 276
23 149 231 246 355
20 63 70 110 113 348
23 21 422 474
27 28 46 202
25 254 379 450
13 94 371
18 7 143 398 403
27 152 244
22 11 61 376
26 57 96
15 152 259 292
6 63 169 173 184 467
17 41 267 342
21 485
7 176
26 49 427
16 327
23 50
16 91 291 353 420
16 38 58 72 430 454
17 28 232
41 4 177 198
13 336
17 273 280
20 266 442
13 87 112 234 490
31 65 80 98 136 173 255 394 448 452
15 26
14 205 420
18 117 326
18 259
22 252
13 130 231 367 482
11 109 148
23 32
18 225 469
10 17 145 164
28 277 322 433
22 241 269 477
25 300 418 477
23 86 125 235 273 396
22 204
13 10
15 74 145 199 298
7 439 490
21 260
20 114 406
21 112 163
14 469
19 121 295
19 115
8 152 222 301
28 117 142 179 284 486
20 163 185 347
16 285
15 192 270
13 152 244 335 361
24 31 198 216 324 345 369 491 499
17 395
4 249
19 22 98 173
37 10 183 210 350
16 270 361 422
26 42 264
28 125 258 327
14 492
38 57 213 215 220 300 351 378 399 408
21 82
24 21 205
19 26 49 477
24 57 257
14 139 335
16 275 299
30 284 291
25 289 476
17 348
17 214 270 417
31 382 440
14 219 430
17 203 334 442
22 36 304 496
8 80
21 143 174 356 405 487
15 90
25 253 478
25 110 454 470
19 122 305 339
23 26 137 332 434 496
22 137 231 317 359 444
31 227 293 493
21 143 305 405 449
22 46 133
20 322
17 2 31 73 156 230
14 211 368
29 204 285 369
16 287 387
26 82 185 258 326
25 440 476
27 9 59 125 231 296 385 454
29 64 69 178 412 422
13 61 291
26 232
19 121 134 214 296 326
23 107 222 377
3 177
18 436
17 87 231 335 469
23 159 173 193 337 358
18 46
17 163 333
15 42 133 452
18 116 143 149 241 295 432
24 43 46 86 111 212 401 429
23 293 477
26 458
16 90 93
26 34
11 309
18 88 459 486
12 34 247
14 263 329 371
38 183
16 17
26 142 266 351 422 450
18 107 159 217 257 310 372 391 435 437 454
24 66 153
27 6
15 69 74 78 110 120 457
22 97 257
16 422
10 324
9 48 441
16 39 144 192 352 390 493
25 172 285 288
27 48 77 122 126 269 471 476
18 202
12 387
12 248 483
10 141 297
29 11 235
18 19 117 131 347 389
15 274
22 20 208 361 469
14 206 351
18 34 99 392 462
26 224
10 156 385 403 428
23 107 155
12 7 146
27 4 189 198 259 338 418
21 70 222 299 325
27 8
27 5 25 363 407
8 273
21 127 203 282 372
20 92 275 378 394
15 20 113
26 268 390 415 449
21 274
40 211 243 413
23 57 119 148 256 274
25 115 365
7 77 132 160
14 137 190 216 309
12 58 72
18 99 103 329 359 481 483
28 104 202 293 435
6 96 229 268
18 79 220 462
16 130 166 357 483
22 227 248
18 63 125 165 426
23 138 324 439
19 28 147
19 85 214 303 444
33 362
17 45 494
22 95 186 196 279
23 122 157 379
13 222 239 294 300 479
21 4 58 200 242 319 369 455
14 90
40 344
23 29 195
10 159 456
9 76 150 237 263 267
14 77 196
20 289
8 4 141 160 182 214 246 305 369 374
34 157 216 282 302 325 365
15 227
31 154 335 353
6 160
16 102 266 289 332 435
13 42 168 189 322
19 35 414
28 411
25 10 210 310
32 75 173
27 385
29 253
34 81 404
16 141 250
29 140 214
28 197
12 88 214 435
21 63 207 492
5 446 479
27 47 343 461
28 394
19 89 129 180 212 420
10 182
23 17 18 139 140 148 157 210 304 324 421 463
19 423
21 257 338
16 164 253 409
10 203
34 64 77 174 209 271 339 376
22 169 266 436
18 39 83 240 317 335
27 78 204 433
20 76 224
42 157
14 20
30 164 212 283 475
19 35 286
27 187 219 390 420
19 12 71 316 362
27 27 471
23 39 123 136 271 322 387 463
28 170 195 202 409
17 42 246
18 133
12 341 484
23 7 13 58 299 480
29 442 497
10 130 268 282
16 52 68 142 190 239 312 363 470
17 131 231 295 304 336 473
23 126 170
34 156
20 93 119 160 183 292 448
31 295
11 265 274 301 306 388
27 287
30 67 141
6 78 382 452
19 485
31 240 398
19 269 287
12 90 373
16 87 285 342 364 375 398
23 136 206 279 386
16 67 75 86 89 350
20 305 447
22 211
22 44 59 78 80 310 482
21 101 123 216 453 485 497
7 13 337
18 161 187
17 29 79 127 362 399
25 129 495
22 249 253 498
8 105 129
18 7 112 141 423
23 222 306 434 490
32 207
20 220 221 293 303
15 351
31 104 358 461
19 4 162 289 366 497
14 257 270
13 76
30 89 484
24 12 154 208 340 433
18 252 269
33 401
32 33 238
20 89
21 142
19 76 87 459
16 41 119
25 3 225 264 274
16 53 96 199 296 318
7 106 156 236 262 333
24 50 129
13 106 113 134 369 495
17 26 189 381 418 445 456 471 479
17 138 149 377
34 164 192 255 306 319 457
13 282
11 56 270 271 301
9 18 88 182 188 383 492
27 141 278 421
17 220
18 55 213 246 323 375
21 329
11 176 404 441
20 75 223
18 40 330
16 338 401
28 30 31 407
14 181 362
14 158 161 193 490
20 24 117 374 385
20 109 169 299 303 310
23 258
15 490
18 319 326 448
26 100 179
11 33 62
23 303
23 15 340 391 481
27 49 233
3 28 39 128 377 444
22 124 151 225 392 440 496
29 24 68 80 92 96 321 330 442
8 307 329 433
22 136
24 247 270
24 57 125 302
11 259 278 344
20 121 210 212
30 21
17 406 489
32 308 342 407
25 208 320 383
19 209 322 367
27 158
8 477 495
7 56 274
18 155 252 359 439
20 285 393 459
22 69
27 102 115
1 278 408
36 14 94 150 327 409 421
16 446
11 337 373
39 258 306 357
14 57 161 393 482
10 78 82 111 196 340
18 212 270 312
9 451
11 425 468
15 377 380 389 449 477
23 484
22 68
17 116
15 25 74 114 224 241 308 422
9 116 364
13 30 82 252
28 221 455
32 10 346 491
10 458
14 51 52 246 267 367
9 245 246 360 365
18 238 269 477
16 35 171 226 250 395
20 92
9 97
27 71 265 348
19 123 215 236
28 67 431
17 41 105 178
23 495
16 37 312 355
10 4 439
18 365
15 20 33 416
19 111 127 166 176 195 411 444 497
28 329
21 72 164 411 442
27 81 87 172
34 414
21 63 102 232 442 473
21 37
23 376 490
18 478
13 53
22 193 237 355 454
33 73 186 454
17 59 487
28 337
10 283 392
18 31 135 159 473
13 23 55 83 241 264 321
20 334 380 386 409
36 200 291 305 364
24 354
23 105 251 446
17 65 203 306
24 329
27 206
21 286
26 422
25 283 462
27 164
15 111 166
15 10 80 106 237 368 441
24 73 340 427 440
20 36 112 200
18 123 291 471
20 414 447
29 389
14 285
4 419
15 69
3 94
32 30 232 455
11 270
19 167
25 395
11 45 157 352 391 410 468
18 75 172 286 297 379 425 482
19 27 323 497
23 341
20 316
18 324 462
26 69 88 181 196 276 301 310
31 42
14 162 360 418 447 454 460
22 25 93 101 110 173 387 394 430 438
19 436
13 189 268 346 404 478
12 61
16 196
16 86 94 106 150 265 277 343
10 89 151 213 480
27 302 488
16 212
17 174 192 223
15 251
35 390 402
4 74 291 468
17 151 289 321 492
17 163 232
19 3 18 50 51 65 354
13 34 70 241 375 471
18 342
12 386
20 102 116 327 370 440
14 491
12 426 466
13 46 84 220 437
19 156 297 447 498
24 176
29 156 169
25 228
21 317
13 13 27 100 148
31 91 309 422
18 296 330 362 394 420 450
18 327
16 262 289 371
20 468
13 136 255 270 478
21 79 297
14 339 430
20 41 212 308 355 446
21 286 371
20 112 181 242
28 78 143 200 252 261
20 105 184 238 282 399 477 486
16 440
5 492
17 51 140 247 386
20 63 222 484 499
21 28 187
23 76 305 323 392 447
31 381
28 228 358
9 102 131 272 390 453
26 5 348
22 193 346
14 19
24 121 169 279 393
22 273 353
16 136 147 236 359 420
16 39 159 467
10 6 401 441 442
9 141 168 343 480
17 83 156 403
18 180
16 105 312
6 12
24 306 497
17 30 186 267 297 397
25 263 473
12 321
22 41 309 478
19 87 271 302 399
10 231
27 174 269 365 375 466
13 205
15 11 274 341
13 420
21 300
15 247 323
27 126 246 458
17 179 474
25 3 137
8 98 408 426 486
16 74 119 169 246 454
5 260 393
15 247
28 0 207 215
17 106 382
38 252 290 298 303 311 322 364 446
19 136 314
19 6 26 78 179 237 375 475
30 57
22 21 167 283 319
13 218 416
17 237 256 291 346 354 394 425 468
21 78 225 303 349 413
12 268 445
23 91 215 243
11 26
4 129
24 23 265 306 395 440 452
1 182 227 297
33 148
28 156 238 245 250 305 380
12 0 120 405 411
21 17 179 304 435
17 84 237 427
22 184
17 381
18 337
11 453
15 42 68
21 176 204 318
11 223 275 342 417
9 142 289 434
14 64
28 107 399
8 386
16 59 437
8 6 208 241
21 264 366 375
22 12 194 254 452 476
26 68 250 412
17 67 127
18 64
26 99 267 343
15 401 463
27 24
8 210 241
12 195 339 405 424 452
24 170 389
18 225 300 355 405 408
18 139 351
32 225
20 81 123 494
17 28 455
31 142 153 173 334 404 436
8 41 57 347 354 446 457
23 33 145 162 285 400 420
18 23
13 337
20 29 194 347 353
18 10 16 54 132 169
24 42 492
9 29 432
24 105 154 226
11 51
19 176 294 390 451
14 239 242 299 338
15 354
14 172 210
22 91 392
15 71
19 34 64
31 369
27 113 347 353 377 388
13 25 243 352 378 481
25 115
26 224 252 314 333 444
12 67 410
30 136 317 463
11 33 177
24 22 282 498
24 101 122 386
33 40 97 304 458 487
15 59
32 50 95 304 498
15 342 372
20 97 189 293 347
23 60 274 311 405
21 216 222 267 423 461
21 176 368
10 148
20 134 248
28 240 317 423
15 2 28 194 274 335 376 451
16 5 58 251 376 445
10 65 77 141 279 421
18 37 472
29 158 263 368
16 0 10 234 315
36 206 342 491
22 385
18 40 158 202 212 283 344
17 81 434 472
17 76 248 276
25 8 147 207 427
16 0 227 254 264 296 381
19 38 105 284
17 267
27 93 123 324 436
31 373 485
19 179 262
19 8 238 294 403
30 134 276 498
17 16 112 116 117 475 481
14 61 138 262 445
27 1 31 74
22 50 223
27 274
15 60 343
14 463
15 85 408
29 135 148 215 338
21 71 224 345 420
15 37 77 330 374
19 287
7 42 197
13 111 202
27 355 375 412
4 203 322
7 433
31 50 128 272 316 468 473
20 190 346
17 315 319
14 0 209
10 95 307 490
7 67 358
23 49 284
18 143 242 269 416 457
20 19 22 29 183
24 5 175 181 366 409
24 295 408
11 161 348
17 454
10 437 453
27 213 279 337
20 7
20 313 354
13 140 498
23 42 232
24 90 250 378
11 125 405 408
17 132 311 367
14 127 402
24 491
32 68 116 334
30 102 456
17 65 389
10 86 252 384
20 45 87 242 319 419
12 49 329
21 172
23 387
14 381 476
26 1
21 36 130 252
13 9 455
24 103 444
11 59 339
6 336
25 46 184 219 471
19 224
8 172 226 496
24 265
23 30 96 340 344
23 219
18 84 90 281
25 174
27 280
24 198 229
14 177
25 205 236 350
25 67 75
24 189 254 305 357 393 437
13 96 379 471
30 162 175 462
21 68 146 225 382
15 87 123 400 420
34 83
29 191 227 379 463
20 164 293 327 331
20 164
9 128 153 406
17 284
7 430
27 58 330
30 200 203
23 102 104
20 127 301 408
17 189
22 22 300 361
20 397
29 110 149 449
10 126 268 305
12 267 349 364 471
20 199
21 2 153
30 95
23 13 91 95 148 191 206 251
28 224
29 3 282 382
23 345 496
16 259
24 21 54 268 303 355 489
14 390
22 300 352 389 395 411
23 75 167 422
20 226 276 425
23 287 324 493
33 71 160 173 294
10 53 125 315 468
22 117 179 361 425
20 201
17 126 200 253 410 460
12 160 285 389 488
29 80 122 138 312 491
13 12 342 421
14 164 464
11 27 37 41 218
17 393 485
27 399
18 5 201 324
33 148
27 416
16 44 237
28 166 268 441
13 72 217 255 359
17 228
28 289
19 24 141 207 426
13 18 264 284
16 153 417
27 115 195 325 492
9 121 125 181
17 56 87 432
23 20 109 165
28 60 71 135
22 400
16 133 144 190 356
24 84 105
20 120
32 17 315 318
10 305 343
26 159 235 278
10 230 362
9 404
15 106 118 296 346 452
14 136 144 459
27 31 122
9 64 69 227 451
21 41 119 214 484
20 276
20 44 69 141 202 468
23 330
31 341
18 202 427
20 57 80 228
22 244 289 310
20 123 320
23 376
20 419
27 95 278 424 448
22 93 353 360 414
34 190
6 489
30 212 258 385
28 252
22 95 179 284 391
13 66 82 180 184 189 319
20 49 162
12 190 202 291 412
21 88 237 438
23 238
20 301
6 62 131 459
15 185 261
17 30 212 262 293 372
28 240 378 466
17 8 443
22 91 148 376
22 109 297 343
12 281
17 69 466
26 403
10 445 480
11 108 472
25 106 412
29 192
14 191 339 385 490
27 15 22
26 40 63 128 163 187 260 360 451
26 236
21 83 113 266 381 436
16 136 415 467
6 27 264 478
21 28 32 349 352
23 46 105 177 336
21 92 419 424 480
21 185 229 311
20 21 141 149 216 265 352 377 421
13 97 204
19 35 331 379 432
24 159 254 406 449
15 111 248 312
14 277 439
16 173 286
22 116 223 315 439
16 435 483
14 199 235 258 262
23 169 333
14 16
8 121
16 275 303 313
18 40 71 322
22 97 190 304 311 316 366 482
21 67 347 436
14 75 302 391 477
14 369 415 482
13 227 400
21 122 128 141 385 422 474 499
18 214 217 240
25 161 176 205
34 242
23 102 398 420 439
20 112 401
26 469
13 253 266 392 418 499
27 143
15 31 248 450 487
21 110 206 292 412
11 455
22 277 386
17 266 364
30 234 283 312
34 107 172 225 261 378 390
19 72 121 211 382
9 248
26 1 227 356
15 25 84
15 19 391 496
20 40 135 373 378
16 2 92 311 333
17 262
13 107 123 193 482
22 23 144 179 373
19 71 94 121 281 288 318 435
22 458
26 445
17 28 59
8 201 405
23 55 265 420 422 462
12 12 68 151 229
10 233 244
34 139
20 140
13 29 128
8 209
16 288 331 375 381
31 181
15 5 188 261 409
7 55 93 208 269 373 439 481
17 364 406
20 445
16 7 61 167 310 316 433
21 104 122 143 324
18 36 76 211 307 347 431 461
2 22 87
12 441
11 147 235 317
19 104 265
14 33
22 280 495
13 194 248 360 383
32 79 157 283 345 362 408 433 434 453 473
28 330 422
22 169 208
10 39 74 81 159 330 353 383 443
26 112
31 216 225 417
19 469
24 224 240
18 279 364 406
31 240
9 218 458
12 41 97 112 176 327 430
16 21 119 167 225 410 483 498
16 452
21 186 250 383 430
25 196
17 229 464 479
26 54 58 60 126 269
22 302 440
10 19 386
15 73 78 141 287 357 383 456
18 387
25 208
21 15 271 351 487
1 101 127 204 379
10 51 227 288
30 24 145 196 316
25 299 346
30 17 71 268 322 352 414 497
28 164 388 495
21 146 286 496
4 321
16 246 340 413
29 26 255
15 154 425
13 361 418
11 217
24 8 147
20 312
28 214
13 129 397
17 337
17 119 230
14 134 254 387 464
16 79
13 61 134 358
28 1 222 441
21 15 386
18 11 91 94 209 216 493
22 50 72 353 391 476
8 108 392
15 186
19 192 248
21 109 279 439
20 351 471
22 42 149 179 233 282
12 15 159 245
16 222 238 285
20 117
15 68 293 386 405
13 477
25 266
33 44 207 241
24 355 461 489
14 386 418
16 227 304 378
27 38 177 294 327 415
17 8 207 285 342 369
12 186 273 331 359 413
26 56 298 438 458 483
13 359
19 268 322 463 483
24 165 253
9 196
23 388
19 293
27 266 328 411 474
11 131
23 49 112 463
22 101 211 362 365 367 413 470
15 225 284 480
14 133 134 213 343
24 61 184 222
10 271 406
9 118 388
19 447
13 126
21 14 22 280 440 495
9 19 213 420
22 0 130 261
23 151 228
12 448
26 189
19 51 93 264 266 352 429 431 475
27 49 257
15 61 95 185 275 304 359 493
18 63 254 399 439
22 73 332 429
23 37 252 469
10 164 191 390 421
14 261 347 478
16 166 215 322 442
20 205 314 350
27 155
23 443 468
20 230
27 21 85 198 403
27 19 116 420
20 74 84 157 237 264 455
19 218 258 279 448 486
26 19 101 386 479
24 264 471
25 130 497
30 113
22 184 326
16 249 305 450
26 384
17 307
22 181 299
25 208 499
20 33 60 80 98 168 261 370 451
11 0
33 66 496
31 340 356 394 401 437
21 264
20 130 232 247 380
9 118 238 323 385 460
15 30 149 210 325 404
26 214 389 451
18 30 264
20 36 90 138 358 441
21 15 400
21 183 215
19 265 375
28 0 85 348
20 25 41
23 66 174 438
24 82 276 431
22 33 152 360 461
29 343 425 484
25 49 108 237 239 404
30 108 201 280 337
19 44 271 393 403 410
13 26 95 150
28 31 166 176 471
18 218 461
14 60 119 388 437
28 40 226 238
25 95 351
19 162 279 445
31 13 38 141
23 79 109
14 81 490
18 122 222 338
4 135 239
30 33 161
24 245 312 371 443 483
27 126 178 189 270 349
16 37 90 247 283 289
24 8 87
29 251 420 486 489
13 39 88 288 494
5 123 141 301 402
12 285
18 173 214 215 242 304 484
29 151 244 269 277 368 397
22 231
14 39
27 274 288
20 11 254
17 123 258 487
16 420
28 187
15 214
19 98 147 197 474
13 51
21 70 381
29 467
10 40 146 363 378 479
16 223 368 379 406
19 48 349 374
20 90 119 143 201 426
24 46 266
8 199 328
21 146 279 361 492
6 322 372
30 17 388
22 17 199 317 330 369
18 110
17 75 160 178 218 369
21 366 371
20 112 282 293
29 72 211 381 470
16 88 93 172 236 246 498
27 316
8 140 321
42 36 128 487
23 161 259
17 59 112 252 342
40 314 443
16 102 459
10 90 186
17 440
16 184 303 313
15 28 36 338 359 445 447
27 275
29 50
13 26 458
1 58
10 315 480
15 31 40 160
20 15
12 213
12 113 234 401
21 28 51 313
12 296
22 297 395 475
20 196
30 159 167 253
19 45 66 170 399
24 307 407
18 337
22 212
17 56
1 151 177
15 21 165 470
16 72 171
7 473
18 469
23 358
24 273
14 82 238
31 254 329 393 480
10 43 473
12 79 284 479
14 434
16 337
16 48 134 155 339 440 447
13 162 257 276 339 391 426
14 22 40
21 38 69 353 374 403
37 85 148 273
23 392
22 108
27 16 72 92 102 189 274 413
24 339
16 89
25 171 249 387 458 496
28 69 174
12 125 460
19 82 176 260 347 389 428 457 475
17 457
22 458 470
34 42 73
20 277
16 56 309 341
14 214 329 420
24 19
25 20 234 284 459
10 393
15 227 421
12 82 134
5 33
16 368
14 5 16 170 208
9 51 239 378
23 192 445 454
30 38 41 166 273 368 374
19 45 326
19 308 327 484
11 141
33 6 115 133 445
27 477
21 195
18 44
21 78
27 44 153 167
17 111 471
21 5 84 496
18 15 75 176 355 499
18 49 120 171 202 230 297 456
26 35 187
17 490
10 78 96 303 363 369 399
10 420
8 31 313 394
18 49
14 115
23 66 185 212
25 97 102 496
21 72 151 280 482 499
18 76 241 396
11 15 282
22 9 403
22 199 315
25 43 388
20 38 59 160 231 343 483
34 53 114 158 287 316 384
22 3 179 238 325 355
17 60 357 416
29 242 312 495
12 348
14 296
23 26 95
17 181 253 435
22 75 90 354
7 119 223 311 400
22 286 444 473
17 360 385 425
23 25 348 477
18 182 276
18 117 131 368
17 310
14 456 478
8 186 380
25 134 160 368
20 9 284 402
28 77 132 310
14 288
25 30 101 134 315
20 48 314 328 435
23 205 265
18 44 449 490
18 76 134 318
23 376 447 474
30 33 87 358 487
29 141 353
10 120 131 290 498
16 115 496
26 465
26 59 105
12 65 184 195 466
19 34 184 186 359 370 415
12 4 48 102 207 233
23 0 202
22 333 387
16 265
16 492
21 26 101 183 362 482
24 185
12 27 73 138 180 379
17 79 201 253
7 30 110
26 57
23 110 146
26 62 68 82 188
33 178
16 224 232 268 391 416 443
36 16 66 112 322
7 31 228
13 146 346
19 98 197 380
13 36 77 158
25 118 135 344
16 164
10 113 468
25 46
25 174 262 417 482
12 206
16 182 478
25 212
27 65 229 450
26 158 351 423 445
19 280
19 334 349
18 29 333
13 66
3 21 172 371
18 331
27 36 195 397 499
11 29
27 367
24 285 291 351
18 13 204 419 461 491 493
22 77 340
20 2 138 193 199 263 307 397
26 19 37
30 30 40 105 259 263 435
15 486
27 97 224 256 338 375
18 58 121 157
25 150 262 279 456
19 208 271 427
20 217 460
28 99 255
18 22 161 377 439
33 81 271 434
19 75 218
16 17 26 106 240 328 479
14 20 49 162 476
13 137 272 278
23 21 27 86 118 278 467
18 105 283 427 459
24 88 123 124 131 138 281 402 404
15 216 304
7 52 158 191 193 253 336 361 397
27 217 450 476
16 307 356 406 440 446 451
25 228
28 0 459
34 196 220 251 387 398
28 45 129 328 395 469
18 109 300 431 485
22 246
20 148 475
19 5 18 133 219 275
15 18 28 368
21 174 298 378 463 466 483
28 24 66 156 208 303 379
5 193
25 464
1 139
22 61 108 159 320 353 433
22 27
15 13 207 313
30 320 341
18 12 111
17 75 80 125 372
11 98 250
12 274 440
19 23 62 208 351
9 117 172 341
24 23 74
16 126 145 230 425
29 204 307 352
21 7 36 87 243
27 189 218 316 494
25 329
16 14 166 201 219
12 76 92 185 412
18 37 174 356
19 110 177 337 439
21 238
22 19 62 457
21 33
11 12 371
30 113 308 441
23 280
26 371 416
26 121 467 468
24 47
10 14 282 334
35 267 482
15 260 265 287 311 404 414 449
20 36 157
18 57 499
17 380
16 191 268 309 345 495
21 280 467
30 58 244 288 296 338 341 364
23 179 230 254 361
21 170
16 231 328
13 125 183
21 246
14 36 220 333
22 215
25 294 324 415
22 106 373 395
18 218 317 397
12 261 266 319
19 300 396
33 461 469 483
25 2 135 463
18 118 287 498
23 37 191 209
12 187 205 286 365 393
25 245 368
20 6 347 488
18 32
10 72 255 362
27 47 246 457
12 148 215 263 327
23 48
15 90
21 111 119 208 323
13 220
17 153
12 84 199 259 377
17 116 130 171 348
21 172 259 439
9 3 60 112 132 166 169 185 386 440
17 78
17 35 129
21 215 350
29 309
7 120
20 7 35 61 126 285
28 25 156 162 194 412 418
15 168 333
27 102 186 448
21 238
18 213
6 49 64 74 96 138 270 351 472
26 108
23 342 428
16 163 346 349 403
23 53 257 301
22 51 194
23 29 329 376
14 309
10 249
20 52 172 183 217 232 281
14 405
23 336 454
20 134 243 281 300 339 364 365
24 116 196
13 87 135 226 293 429 491
24 80 98 290 405 470
23 142
15 53 159 175 373 494
17 303 332
27 102 264
21 45
15 218 393
17 29 269
16 379
14 63 103 437
18 16 122 379
21 205 254
22 162 219 292 338 356
14 198 224 274 314 329 441 457
18 208 435
31 319
12 487
20 37 308 438 442
38 151 298
29 28 90 324 330 338 345 490
23 220 441
27 44 94 182 488
24 102 135 308
24 12 403 436
18 282 436 456
27 285
32 440
12 85 114 304
26 109 351
27 373 476
19 281 326
23 74 87 215 251 319 442
13 4
23 287 306
14 127 134 265 454
16 172
29 401
13 66
24 424
27 13 82 144 164 287
18 220 475
19 111 140
16 236 428
15 111 153
21 188 352
28 440 456
20 43 60 165 293 482
29 171 324 462
24 101 122 153 221
12 35 41 72 183 240 414 417
14 233 255 322 469
24 213 237 292 414 457 471 490
24 212 403 451 484
21 22 122 403 441
29 24 102
12 8 58 217 229
24 268 313 365
18 440
10 78
12 459
21 177 320 398
23 215 388
16 186
28 58 176 437 440
27 6 27
22 232 419
18 24 185 411
13 66 304
23 111 113 379
13 114
22 112 145 349
15 185 224 316
11 103
29 1 90 114
12 17 66 93 196
23 326
27 290 335
23 142 373
22 413
17 223 235 364 402 413
21 122 188 215 313 360 462
20 267 486
18 68 184 418
26 208
12 6 246 389 428 448
29 69
22 182 356
19 57 144 345
16 19 351
17 34 61 262
13 72 114 419
22 254
24 339
22 95
19 473
10 171 451
21 55 266 289
5 126 199 343 475
25 314 327 408
31 58
24 21 198 390 454
13 52 106 228 259 264 357 469
22 20
19 19 110 301 341 343 408
25 353
26 82 268
35 47 121 320 484
22 208 307 363 493
9 208 442
24 180 463
18 18 461
8 140
20 106 173
8 22 90
13 92 226 297 307 392 445 450 496
30 1 289 369 454 457
19 10 149
21 40 128 306
27 274
18 387
20 166 259 294 296 322 374
27 137 249
20 57 414
18 102 126 290 301
33 198 477
23 159 378
2 28 84
24 58 89 429
18 92 203 209 282 354 442
21 171 345 353 421 477
16 116 120 149 181 349 367 370
17 69
8 65 150 257 427
21 13 247 385
11 3 119 150 453
24 181 198 262 385
21 124 389
17 424
19 27 222 387 412
29 211 325
20 16 165 487
17 44 60 106 301 330 434 497
1 282 382
29 19 86 135 138 467 495
16 61 280
21 218 282 448
27 48 190 302
14 252
19 7 374 425
23 240 302 416 488
20 3 132 182 234 455
21 243 328 402
19 100
6 159
12 4 116 371
24 32 438
27 140 303 309 334 438 472
14 0 246 446
22 319
21 96 167 239
21 76 262
21 347 456
12 40 63
19 413
6 40 124 218 380
23 320
22 231
24 59 158
18 451
27 326
18 151 155
21 2
14 15 90
9 387 471
13 12 350
34 236 347 451
24 399
14 32 58 154 170 175 202 465
24 258 281 296 371
22 142 159 201 409 475
17 25 121
3 0 486
27 417 481
32 121
8 209
10 42 389
7 219
19 19 40 242
23 66
27 161
22 103 157
22 67 335
24 117 129 411 462
11 281
7 17 94 115 128 195 293
32 81 184 296 485
14 71 160 207 306
14 107 161 364
23 166 201 261 306 428 451
15 191
9 77 227 434 456
6 285 452
18 110 177 346 433
19 128 160 190 310 365
32 108
14 20 398
20 170 254 256 357 485
17 139 168 264 393
13 41 102 253 367
28 108 175 194
23 52 58 118
19 200 337
17 244
19 118 200 394 410
17 53 60 156 198 330 380
18 77 168 179 281
15 14 122 312 315 336 400 447
23 127 278 330
26 38 40 425
23 111
19 234
16 71 195 396
11 213
14 353
19 99 121 169
21 102 344 409
22 9 20 62
34 21 149 230 262 304 311 326 365 433
20 0 262 280 397 449 464
25 3 63 68 253 452 497
18 264 429
17 23 61 68 184
20 78 100 298
22 224 305 375
18 283 380 419 432 453
25 125 451
4 0 226 364 427
23 168
22 89 93 253 382 433
32 96 162 316 416 495
25 81 291 359
21 48 75
12 125 136 218
25 406
17 59 103 150 345 358 451
30 40 170 294 308 343 403
22 345
15 155 177 282 295 345
22 6 25 67 118 281 362 428
14 237
31 225
16 409
16 92
16 228 359 390
26 260 460 496
15 20 28 105 109 110 192 268 363
16 34 141 199 403
24 143 188
19 133 167 309 444 477
18 206 226 402
15 130 172
21 429
25 73 98 106 206 324 342 375
23 4 231
17 53 54 218 442 461
23 52 229
13 119
29 89
17 226 314 484
24 153 352
17 201
16 25 60 70 388 404
20 126 213 247 446
10 153
29 30 241 322 394 406
26 60 220 410
31 341
19 60 99 227 281 446 450
10 105 305
13 205 327 372 382
31 361
13 35 210 212 342 432
12 284
23 199 298 354
11 52 266 371 451
23 8 19
10 107 354
18 68
7 58
12 5 111 380 418
10 96 493
4 72 99 187 234
14 328 420 424
30 20 173 175 217 229 243 348
23 4 33 71
9 61 276
13 207 229
16 140 327
20 34 355
20 24
20 12 229 376
21 149 427
17 181 405 489
20 42 168 224 345
12 114 301 479
11 67 97 176 180 243 402 440
25 68
1 96
18 390
18 19 166 179 259 285 381
26 497
25 53 82 410
11 53 54 246
19 360 377
21 338 430
4 167 262 420 438 469 492
13 273 492
9 246 329
30 290
25 20 292 301 315 316 365 418
27 17 55 117 338
24 200 305 329 497
18 12 255 387
28 110 153 244 363
9 217 246
27 26
11 40
10 421
17 37 43 133 149 201 231 352 450 459
25 178 307 336
24 79
14 141 180
27 201 315 379 410 423 469
21 231 285 353
7 75 89 343
9 47 60 69 78 322 394
21 5 359 409
25 79 121 410
23 284 406
30 1 100 370
22 121 162
25 171
24 27 171 294
40 14 110 148
5 23 87 348 440
21 78
26 164 186 373
17 265 320
30 36 100 441
24 73 115 138 179 241 385
22 200 423
14 152 267 386 416 477
5 58 176 476
15 162 300
16 299
20 176 475
8 10 47 100 112 433
14 191 209 248 384
19 16 158 397
18 338
18 242
18 173 352
13 47 219 465
12 144 324 468
17 352 490
23 224 496
19 343
12 14 85 105 244 276 387
18 87 300 377 405
26 13 28 414
20 120 235
16 304 428
14 248
18 61 137 155 216 387
32 20 47 204 323
17 10 421
21 47 414
20 250 289
19 462
26 78 189 264
15 61 74 293 455
10 188 429
21 334 398 400
19 200 270 276
21 208 250 263 328 383 435 460 499
24 3 93 191 275 288
23 86
22 285 319 363
16 30 236 316 417 456
16 274 389
8 154
37 142 307 384 465
38 26
25 16 152 155 255 479
12 54 86 148 214 399
14 116 295 331
1 455 490
17 2 56 240 260 307
16 95 293
26 6 107 238 244 263 351 400
13 54 213 285 430 434
18 156 442
30 146 190 469 486
18 68 122 242 393
25 187 278 284 326 473
14 63 429
20 25 257 352
19 74 362 426 444
14 89 242 318 469
14 18 261 281 398 463
24 2 198 238 480
14 86 481
24 116 138 351 479
24 245 365 491
32 3 209 250 330 354 435 486
16 63 120 242 251
25 100 276 331
15 3 110 175 384 484
19 93
30 412
6 280 324
21 129
17 244 340
24 195 255 313 337 435
13 170 252 286 302 374
26 15 120 204 294
19 149
24 119 367
20 367
17 26 330 416 469
13 427
21 274 394 452
32 98 444 474
18 6 8 35 55 146
23 438
14 331
9 52 356 423
28 219 411
8 99 255 389 477
31 189 286 288 310 426
22 25 258 274 359 360
30 59 258 282 298 301 474
22 314 459
14 299 480
16 5 287 327 393
30 188
7 127 202 470 477
20 66 161 273
23 162
19 31 43 249
27 347
27 416 425
13 224 364
33 288 327
13 142 461
20 46 72 158 277 386 432 449
15 81 142 180
25 114 119 190 258 386
29 46 129 170 326 483 496
14 320 386 418
16 7 378
28 35
9 76 135 176 192 478
20 43 94 208
15 21 44
17 116 363
12 119 123 212 484
32 176 247
20 254 327 367 398 431
9 253 374 427
18 129 371 378 442 446
13 141 191 321
15 10 19 31 295
19 56 144 227 414
23 20 179 220 260 306 312 420
24 162 164
18 14 68 157 164
17 113 393
17 28 295
9 241 350
25 10 355 379 445
25 122 457
41 10 200 253 400 425 432
21 73 193 230
20 189
14 312 344 374
21 100
7 6 133 211 440
15 34 76 255 410 460
27 219 262 387
17 229
20 264 266 346 357
28 121 203 240 264 473
21 75 470
9 50 95 325 434
17 40
30 5 23 445
11 456
26 40 202
20 235 335
17 30 47 55
19 293 312 499
8 227 246
12 165
30 88 293 447
39 119 136 452 473
9 172 176 249 330
22 180 328
26 59 399 410 439
11 143 413
24 198 245 384 498
30 32 74 200 205 240 453
26 13
23 139 173
7 36 199 409 480
32 18 43 210 280 309
16 260
16 6 191 195 303 378
14 3
10 373 383 469
20 93
22 76 132 200
9 321 490
15 142 158 389
28 39 42 164 241 247 300
16 256 479
5 28 97 346
23 112 189 389
17 305 384 461
24 19 293
21 21 204
24 282
14 155 440
16 317
26 289 371 414
3 312
20 70 117 246 431
18 47 416
15 86 274
26 354 428
20 10 74 115 157 193 262 459
19 84 130 474
6 102 193 226 336 471
14 194 303 386 411
25 133 479
16 36 151 230 406 448
23 153 164 172 377 456
18 130 419 432
22 84 289 413
16 499
28 19 302 371 450
20 327
14 285
22 22 66 267 484 485
15 6 43 468
7 473
14 28 59 109 218 313 433 452
21 188
25 188 396 444
12 266
22 53 448
18 38 291
26 122 301 354
19 431 485
17 15 236 365 454
12 481
29 379
16 84 93 231 235
21 212
16 90 479
17 286 395
17 117
13 135 245
13 102 169 182 184 236 242
13 184 258
26 370 478
26 53 175 181 423
26 108 272
26 410
15 372
23 235 497
14 145
23 193 319
21 49 195 212 239
25 153 193 226 412 456
28 414 496
25 49 102
20 197 269 329
26 66 221
33 225 238
10 51 87 89
9 480
18 198 268 366
27 35 63 447
30 200
3 130 309
4 123 339 472
24 254
21 214 233 305 499
2 162 491
11 32 66 276
22 330
21 163 171
9 67 335
4 125 164 348
23 207 498
12 36 176 272 342 410 436
4 113 264
12 190 248 335
17 176 259 454
37 25 71
21 37
31 241
22 323 430
30 295
15 127 330
24 17 134 273
23 144 156
36 67 74 118 432
24 126 200 241 252 267 455
16 14 479
32 80
12 76 342 382 404 416 498
13 14 279
2 42 92 217
13 316 446 447 472
30 73 85 311 432
25 275
25 92 204 319 353
27 333
21 406
25 213
19 131 347 352 480
23 126
29 292 470
25 138 174 213 219
23 349 415
20 439
35 21
17 78 255 453
26 48 85 134 253 287 362
20 113 227 279
17 333 337 398 435 440 499
25 21 164 360
29 14 304 330 389
18 258 275 305
23 415
12 33 55 191 315
23 337 381
23 168 172 218 352 381 414
10 138 421
14 62 269 400 413 430 443
29 35 49 192 293
16 63 80 112 204 352 361 423
18 235
13 303
12 3 400
11 296
9 121
20 50 131 312 319 440
16 153 259 495
30 118 181 340 351 408 485
13 56 78 161 272 288 299 317 378
23 40 423
12 55 105 386 421 491 494
13 415
25 395 446
25 30
26 91 271 490
12 114 170
21 317 338 403
13 127 159 439 462 468
19 48
17 34
24 126
25 112 210 451
33 270 300 416
24 88 192
24 400
26 50 469
32 165 169 276 308 325
10 48 146
23 159
11 11 320
18 94 496
32 347
27 224
21 258 348 391
30 274
25 396 449
16 425
9 127
29 8 45
16 239 408
26 84 251 314 357 385 445 467
24 34 293
17 318
11 188
24 36
20 38 229 446
22 106 372 397 401 465
18 64 134 205 305 393 438
20 88
11 16
13 82 256 264 269 388 434 486
10 11 157
19 4 74 379 425
24 35 326 362
12 12 117 420 426
19 78 214 229 304 359
13 128 491
27 61 97 273 361 429
10 238 488
24 39
27 48 126 177 331 334
7 122 203
9 123
17 13 156 267 387
20 110 151
24 95 153 184 219 324 340
17 2 80 258 292 489
18 253 438 479
3 21 61
10 72 274 353 361 374 416 466 478
21 274 361
9 56 126 437
24 355
1 18 113 242
14 196 335 433
16 145 354
24 482 485
17 435
20 277 369
18 190 276
27 318 408 478 492
15 65 216
16 96 360
19 21 243 336 440 490
30 358
27 13 333 384
8 90 210 342 419 431 469 470
30 234 482
24 58 194
15 165 253 395
8 159 185 270
25 50 380
14 144 174 289
17 212 311 367 452
26 352
32 41 98 225 469
13 43 297 411 415
17 13 29 72 103 325 381 406
18 116 358
32 8 24 70 220 323 336 387 396 405
18 188 371
27 119 188
22 14 322 468
17 95 96 361
24 459
15 55 314 407
26 159 302 361
19 180 233 335
21 33 76 273 385
16 204 385 391 398
26 187 400
36 334
27 224
13 204 242 376 392
22 159
15 96 146
17 50 125 178 297 388 413 419 444 472
28 22 42 131 147 315
6 280 320
9 251 314
18 115 283 384
27 106 457
7 185 222 288 351 451
38 232
34 148 265
9 94 231 250
17 169 216 217 221 426
30 321 386 449 453
23 45 453 483
6 66 111 114 173 255 327
19 63 68 75 472
18 27 111 167 188 331
27 251 421
21 282 287 292
28 163 321 455
19 20 241 390
24 180 362
9 392
15 412
10 36 273 334
40 155 289 416 424 484
33 63 250
30 43 166 213 253
27 202 303
21 323 477
27 108
17 51 205 259 288 312 365 477
21 340 430 451
17 33
16 30 315 398 435 481
26 79 153 215 238 379
31 53 286 411
9 386
18 72 283 385
26 215
16 129 176 199 271 278 465
22 104 172 331 359 429
20 112 231 438
25 192
11 198 278 345
5 21
18 27
24 91 242 388
25 17 30
16 25 316
29 118 146
16 140 240 322
22 214
14 41 115 116 195 203 230 432
21 163 490
33 28 174
25 78 87 283 412 449
16 7
4 44 294 331
15 109 110
15 149
21 91 95 116 308 330
15 285
30 41 162 223 252 264 385
16 43 157 158 244 301 311
26 69 238 311 410 422
29 147 283 346
11 419
18 1 104 265 483
18 108 234 241 275 447
4 11 73 206 252 309
17 124 175 258 422
32 115
23 219 231 346
28 146 473
8 143 170 185
14 474
16 44 95
17 394
23 268
11 225
25 60 224 435
28 119 263 480
20 262
23 95 302
11 35
19 337 397
17 25 145 146
27 273 306
12 218
21 148 259 424
19 96 241
16 7 476 479 493
23 48 60 207 243
15 29 136
16 5 96 118 148 211 253 434 461
14 187
14 91 137
18 210
24 121 148 190 281
14 135
13 154
25 151 418 476
13 31 358 410 425
28 150 207 302 494
23 34 57 168 299
17 19 162 181 310 319
22 100 153 175 233 416
12 7 196 250 400 458 496
16 16 77 160 175 376
11 83 496
22 328 371
16 207 340 460 488
16 158 216 279 404
23 81
13 123 127 268 311 495
16 468
20 95 321
20 114 201 217 270 394
18 62 227 426
29 236 245
21 72 442
18 18 199 324 332 398
25 56 60 233
14 136 152 234 266
24 308
13 203
2 137 157 252
23 83 320
30 445
29 121 241 397
12 132 221 262 314 411
20 336
13 30 69 235 292
8 54 365
15 41 295
21 129 207 263 278 298 370 415 446
17 303
25 51
16 432
24 13
12 344 429
24 281
19 326
13 440
11 283
11 101 123 348 396
22 146 148 180
8 69 275
7 228 403 429
32 51
20 1 234 239 460 483
32 168 317 352 458
14 263 411
19 108 227
8 327
19 221
22 95 307
17 45
18 53 125 261
14 162
21 57 74 213 259
15 166 395 479
20 87
25 98
17 91 305 332
23 169 249 441
10 119
19 114 258 450
28 13 41 254 305 343
27 49 398
26 281 432
27 362 496
13 137 449
29 33 135 276
14 13 26 284 454
19 32 254
10 18 117 473
13 44 174 348
21 261
14 210 333
21 176
24 101 161 168
16 39 396
6 1 212 433
13 4 145
15 24
17 179 383 398
11 202 381
18 243
27 434
6 86 159
24 175
20 55 413
25 31 111
25 352
16 96 222 426
27 89 107 245 277 398
17 123 179 194 383
10 26 190 226
26 482
15 127
16 32 315
18 79
23 1 131 165 186 317
23 40 79 343
17 178 483
16 179 237
21 159 172 219
19 378 388
15 493
3 204 384
14 45 167
33 12 18 53 95 273 300 490
18 96 118 208 252 280 367 413
21 131 359
17 58 419 424 466
18 2 81 185 473 498
5 32 48 195 206 209 219
2 117 143 361 367
14 143 369
28 362
12 118 204 303
30 89 118 120 295 453
12 215
29 490
19 14 294 336 420
16 2 86
23 224 352
12 122 238
19 462
24 24
8 5 61 140 379 452
29 6 198
30 255 403 470
15 54 412 477
29 121 346
14 15 150 280 300
28 11 21 103
17 20 218 220 257 295 346
17 287 390 428 437
21 224
18 105 129 254 292 487
14 74 136 197 278 495
19 73 133 493
27 144
20 450
16 110 277 325 430 444
10 180 256 353
29 196 201 286 419 483
24 120 183 435
23 36 158 206
25 126 169 304 486
28 229 270 328 378
18 64 154 390
22 79 261 292 306 318
7 11 138
25 103
17 91 212 334
21 249
25 49
10 414
15 107 147 202 208
22 174 229 424 460 467
22 140 176 431
27 47 231 484
14 159
12 200
16 27 320 440 480
17 408 471
23 93 378 383
10 242 278 333 414
21 59 137 177 404 410 478
17 360
22 43
13 136 140 239 272
21 188 379
23 5 51 249 327 430
24 69 108 159 269
21 40 61 208 366 430 472 491
13 77 88 92 153 204 408
16 79 120 319
21 115 155 243
16 335
28 58
12 14 213 424
18 98 436
28 21 210 290 314 360 368 443 466
21 81 82 322
1 88 142 189 328
19 198 343 358 443
27 43 195 234 366
17 87 262
19 307 352 358 440 453
23 176 311 327
20 173 367
12 304
13 83 489
25 44
13 44 92
19 461
21 83 248 326 387
21 90 331 480
15 76 95 109 342 450
18 61 83 251 275
18 39 51 122 168
27 88 103 120 157
22 74
21 118 147 190 340 375
20 88 116 191
10 26 181 331 450
26 21 198 265 491
25 133 400
3 176 185 240 287 331 438 482
16 203 242
12 41
21 119 153 222 491
11 432
11 156
30 461
16 61 86 118 263 301 321
14 116 129 198 354 434
21 338 417
26 27 105 246 293 383 401 473
24 343 438
22 139 263
24 6 203 244 382
12 144 357 434 461
25 126 185 256 263 423
22 57
16 104 134 193
23 63 415
19 118 247 279 333 384
10 41 64 243 283 387
10 173 279 364 367 401 465
19 351
22 37
28 149 338
25 392
15 76 246 360 396
25 199
8 104 227 331
14 317
27 110 134 185 304 343 439
29 156 169 361 416 430 434
11 258
17 225
16 429 436
21 442
19 276 394 451 487 494
19 140 364 411
29 273
20 297
19 357 467 499
24 61 241 352
23 154 246 320 363 385
12 406
20 127 269 282
26 318
32 26 68 381 390
11 176
13 35 487
15 97 248 322 492
29 23 183 232 244 253 291 377 456 480
19 8 294 374
25 3 109 335
22 17 166 358 393
27 343 405 436 477
21 223
21 43 220 390
17 451 467
25 20 348
8 416
32 43 292 306
25 48 388
15 19 84 91 256 284 399 408 458 465
27 38 390 442
25 315
16 121 420
17 348 407
27 19 264 305
23 335
19 51 71 136 422 463
24 215 284 362
20 187 268 341 344
17 181
23 203 294
19 93 233 263 312 331
16 39 110 230 246
12 125 448
19 244
21 298
20 90 196 260 324 377 450
13 121 273 274 330 396 466
21 20
8 290
23 182 232 236 446 467
27 392
7 1 483
26 86 125 209 382 417
18 88
21 32 58 401
19 182
29 332 360
18 318 340
8 24 180
20 4 81 213 290 389 435
31 15 237
11 188 203
14 30 414
14 81 83 158 365
22 165 286 393
17 412 458
14 102
31 10 319
18 135 237 292 472
19 296 323
14 157 186
10 444
16 101 144 420
25 47 286
25 439
26 124 128 133 207 306 348 413 444 459
12 247 307
25 199 272
36 276 409
22 191 286 293 380 414
22 336
11 466
20 16 459 470
27 68
19 141 274 390 420
21 362 387
27 32 252 431 454 481
31 64 291 296 382 387 428
20 16 114 117
29 29 453
13 41 308
34 58 484
17 356 416
7 36 50 90 117 329
15 489
22 430 435 470 479
19 143
14 138 181 369
21 396 405 430
15 254 309 359 394
21 35 39 459
24 331 495
30 83 284
32 61
13 107 111
17 21
21 60
34 59 431
20 257 434
21 50 97 104 213 260 316
20 142 204 479
21 4 35 108 127 199 336 346 366 382 440 465 497
15 222
13 43 56 259 323 357
27 8 105 342 410 483
18 1 170 185 362
17 228 363
28 106 153 162 219 306 399 416
23 182 310
14 233 286
24 297 327 388
18 304
25 124 438
8 345
11 125 190 456
19 129 409
15 28
28 32
32 171 195 220 237 251 295 345 430 456
30 93 367 494
30 307
23 438
25 229 272 399 423
27 206 385 440
23 249
27 250
28 499
26 77 307 319 326 396
32 20 65 95 165 263 391 430 469
22 78 355 371 453
27 100 170 317 489
14 75 254 469
11 97 119 247 262 339
25 21 58 417
26 17 136 167 245 280 321
21 192 387
19 165 207
18 412
16 44 170 207 330 480
19 86 420
14 20 59 83 111 449
32 75 218 440 442
24 87 269 294 347
25 482 483
21 314 364
23 27 69 109 247
29 0 89 159 270 287 373
12 17
19 102 258
20 108 327
10 112 233 361
32 60 211 213 470
23 299
26 4 158 195 452
3 371
7 89 174 208 352 432
14 140 204 365
14 185 490
2 319 410
25 135 229 372 457
27 255 335
24 11 76 248 324
15 459
30 2 49 58 304 330 343 364 459
25 92
13 144 248 332 387
28 11 112 416
25 257
18 104 271 374 389
8 9 88 131 376
14 368
19 81 140
27 130
20 79 205 276 428
19 3 301 450
25 82 171 191 284 407
12 197 205 498
26 4 175 285 485
28 25 331 449
30 31 131 149 266
20 147 182 419 420 436
19 43 86 193 246 431
19 135 324 358
17 356
25 416 496
13 63 94 220 278 293
13 2 150 400 422
17 74
21 7 37 94 193 443
26 51 264 295 350 494
16 351
24 221 453
24 290 453
15 7 8 61 78 159 440
17 101
12 115 433
4 240
35 337 364 441 484
27 159 360
21 20
37 386
24 253
14 0 230 304 353
26 17 119 145 378
29 47 59 284 475
19 95 288 470
17 9 123 163
26 28
22 169
23 421
22 141 382
8 179
15 144 350 434
18 28 174 316 420 455
11 81 194 319 347 466
18 183 391
24 214 405
2 450
18 2 282 455
17 260 294
37 365
12 141 283
16 25 294 316 370 430
13 14 121 423
9 132 429
28 88 179 260 339 377 497
8 215 254 376 496
1 308
14 32 36 61 385 400
25 36 37 168
21 42 143 249
14 157 437
21 101 216 465
21 107 432
19 149
23 3 365 417
35 1 87
25 251 402 410
28 57 187 257 489
29 56 444
20 237 400 459
17 147
27 3 158 285 306 465
20 200 229 300 310
18 496
18 17 407 408 409 441
16 335 439
16 80
22 25 195 258 392
12 111 195
4 317
20 23 62 221 379
22 164 301
31 252 383 385 431
25 247 416
26 74 132 400
12 153 374 422
16 114 173 385 499
19 34 208 301
22 116 202 289 387
15 267
11 1 366 490
20 11 73 147 277
20 14 207
30 167 300 352
19 311 470
27 86 217 281 312 457 492
23 91 389
6 424
12 485
30 213 258 457 496
21 11 149
14 405 445
12 89 108 336
15 100 105 298
15 322 340 426
34 466
17 166
21 107 325
18 452
24 116 300 306 315 352 354 429
19 216
15 495
6 84 154
26 137 269 378
21 104 386 426 429
20 127 163 409
29 3 155 184 459
28 371
29 209 254 308
20 161 422 423
21 41 107 484
25 19 108 132
28 147 468 499
10 104 382 427
13 94 261 310 361 459
26 125
21 128 163 421
9 4 42 63 107 225 444
18 457
31 72 182
3 158 186 196
19 435
14 327 497
19 92 124 197 395
18 323
13 228 298
1 249 278 464
17 243 460 495
18 77 406
29 452
34 175 215
25 334 470
20 275
5 71 328
11 249 417
6 56 118 176 209 222 257 402 419
20 104 115 404
18 74 87
16 175 396
33 436
28 160 420
20 42 299 437
24 442 448
18 380
1 321 494
12 285
33 85
28 8 70 126 357
5 220
23 138 360 461 478
26 52 194
7 26 404
6 285 293
13 7 10 182 218 331
33 160 213 357
7 148 269 272 389
19 486
19 101 425
13 4 79 124 183 301 336 338 396
29 154 246 407 431 498
19 43
32 387 485
29 104 209 242 283 423
23 142 390
25 27 28 75 197 338 498
17 126 261
31 8 56 76 256
12 239 324
16 237 476
17 49 199
19 36 180 185
19 215 258 355 468
17 77
12 187 258 492
18 34 303 415 417
25 120 271 420 429
13 326
19 249 355 449 467
18 94 140 141 263
23 11 133 160 435
10 181
12 107 156 358 437
29 25
30 79 163 176 206 344 385
3 266 456
28 330 467
19 130 166
31 64 395
16 102 115 460
10 403 499
38 174 450
11 168 189 478
17 304
23 11
21 25 54 84 85 133 169 280 284 392 400 412 473
18 67 76 147 155
27 150 259 349 366 394
14 19 70 108 117 314 454
26 177 182 360
14 256 388
20 179 212 218 418 427
16 32
17 4 456
34 62 82 261
22 33 497
19 25 134 282 286 320
21 280 399
18 47 308 476
37 119
20 68 83 185 211 313 341 468
22 206 272 299
20 51 159
17 17 352
15 499
29 382
17 370
26 102 153 164 206 461 495
15 91 95 336 440
19 122 251
17 93 304 341
10 363 385
5 230 499
13 154 225 455
29 175 253 278 281 351
19 20 195 441
3 2
17 403
30 29 82 474
21 78 175 269 298 489
20 45 82 124 373 392 414
27 25 96 299 409
28 27 158 203 342 354 365
13 34 51 66 199 293 448
15 18
16 114
23 174 358 429 470
19 290 345 453
24 468
22 340
15 135 200
15 213 422 444
26 331 349 410
18 254 355
18 25
35 36 206 361
28 441
28 10 146
10 36 336 485
22 86
17 128 316 393 418
22 159 216 231 254 279 280 461
13 5 240 343 396
13 314
27 32 228 278 480
17 104 280 307
24 45 188 243 444
5 97 133 167
15 130
15 168 388
17 323 327
22 18 135 230 233 415
29 302
18 306 337 473 480
18 136
7 56 78 266
17 8 182 193 286 479
13 154 159 333 347 376
21 58 283 349 484
13 6 130 388 433
16 209 431
22 128 357 361
11 113 216 244 282 444
19 296 481
22 366
23 20 182 194 257 354 476
24 474
25 124 194 270
27 356
35 304 335
14 23 40 125 275 350
22 69 137 276 359
18 397 479
26 0
11 62 124 129 415
22 9 114
6 269
31 22 256 271 337
17 302 482
10 22 73 276
4 197 460
15 53 293 486
11 235 286
11 170
22 36 88
16 1 125 463 480
15 241
8 363
32 51 253
26 64 134
27 48 79 273
22 34 43 269 292
25 61 129 265
15 376
21 60 119
25 300
28 39 62
13 158 331
1 314
20 199 441
22 408 452
19 457
23 293 436
23 37
19 357 374
13 25 81 314 432
11 380
30 222
12 17
19 93
15 107 324 384
17 10 27 480 484
11 188
15 79 165 281
23 47 164 286 293
10 450
29 82 131 253 407 429
39 91 347
27 15 331
24 87 230 281 384
29 22 200
26 26 158 220 388
22 11 227 296
30 88 246 298 313 365
28 246
24 71 84 236
22 411
20 62 236 308 445
34 74 333 346
20 146 256 460
20 65 102 441
28 66
15 400
15 78 190 224
18 60 182 277 350 401
19 368
15 207 217 220 303 352
5 241 366 440 477
17 292
24 218 315
18 335
25 84 400 415
8 240 357 479 492
25 19 215 361 420 483
11 410
29 112 175
11 126
15 31 32 271 476
19 121 356 494
9 24 54 286
24 386
13 138 195
1 127 141 333 344 470
5 68 242 252 442
14 444
21 241
11 339 362 383
15 129 244 460
27 411
11 235
35 139 145 411
28 88 247 499
20 351
17 133 193 257
17 73
13 115 167 203 301 408
8 4 32 181 251
21 115 495
24 438
15 184 193 353
26 89 330 428 487
30 161 466
21 149 335 358 391
18 166 366 443
14 309
25 140
27 98
18 227 251 343 452
13 145
23 9 135 408
34 7 114 336 421
24 22 73 79 105 285 362 401 493
16 266 327 348
16 8 94
20 92 478
5 145
13 23 447 489
8 107
19 46
19 128 140 175 364 391 425 440
27 16 472
15 235 384
21 98 249
16 219 244 264
20 29 39 355 469
8 38 41 299 379 454
26 261
18 188 319 338
19 4 365
35 183 224 270 405
18 255 262
22 9 82 194
11 37 48 231 424
11 95 131 206 466
9 30 52 234 244
14 23 484
11 200 304 307 487
18 1 96 113 216
22 159 333
35 161
24 494
20 89 99 373 401 490
25 104 366 440
16 200
30 200 225
9 210
22 105 246 434
15 38 242 323 393 428 441 483
8 344
16 305
28 181 376 382
29 12 287 365
30 22 56 134
23 140 175 230 473
11 240 257
8 334 474
29 52 107 181 258 302
12 200 241 295 396
14 271
24 435 479 496
4 165 302
27 157
17 352
21 64 350 480
11 77 205 294 461
11 251 270 313
31 293
26 277 374
22 463
18 457
22 249 372 374 447
16 59 97 104 353 446
17 265 384
18 127
17 39 101 211
30 50 61 206
19 85 308 479
26 49 312
10 139
25 50
9 289 326 393
25 72 91 151 234 274 390
8 475
21 497
25 290
12 392
18 85 348 400 437
24 167
14 40 97 301
5 70 95 342
19 41
6 152 383
17 374 430
23 275 332
23 92 256 344
11 87 89 113 200
17 66 398
20 238 262 319 455
29 221 283
19 180 252
22 121 387
24 426
15 102 148 318 397 419
26 366
24 295 324
28 190 405
27 139 200
20 350 426
17 222
28 60 253
15 180 302
7 56 144 284 309
15 331 392
20 180 205 318 350 439
12 86 119 329 335 409 479
19 47 57 434 466
18 50 118 283 317 381
19 58 116
12 41 397
28 123 492
17 267 277 450
12 248 269
12 122
24 328 413 458
25 141
21 31 52 293 458 484
15 241 441
33 342
18 30 175 185 374 436
17 215 223 290 336 482
37 243 362 423 487 494
6 90 117 218 233 320 416
20 4 29 300
15 92 156 252 305
31 160 427
25 0 32 359 425 487
26 152
25 70 99 211 250 258
23 255 377
11 106 304 422
33 243 390 428
29 175 303 315 319
8 112 270
23 118 164 166 182 438 439
23 34 93 420
29 380
25 139 203 253 329 345
15 267 341 379 455
28 384
21 28 213 480
22 334
15 23
20 252 280
22 37 286 303 352 371
19 348 390 431
15 307
18 121
26 30 77
24 62
10 5 85 192 351
20 313 419 422 483
11 25 277 422
23 490
19 419 447
17 101 271 331
16 24 239
25 32 56 409
21 372 467
3 66 424 467
18 5 18 38 241 485
13 143 345 486
13 7 15 133 272 394
27 74 206 260 392 475 490
13 409
11 186 264 415 481
30 391 411
19 42 458
18 46 95 97 173 388 411
21 69 341
15 113 253 273
18 41 88 229 263
24 219 300 469
20 140 192 312 453 477
11 409
21 0 339
19 114 176 233 269 322 337 340 403 455 470
15 236 375 438
27 59 199
16 472
21 38 471
17 173
21 352
21 20
20 135 262 338
30 51 135 305
28 113 192 276 463
17 15
23 205 213 335
12 426 495
14 325 391
10 130 211 400
22 150 153
9 8 93 232 297 415 418
22 157 450
18 39 124
17 411
23 163 211 266 396
13 90 478
23 153 452 495
12 319 438 473
9 441
13 191
22 395
18 39 251 402 423 454
14 97 199 444
10 460
17 41 86 442
16 250 292 326 332 491
24 254
11 182 478
25 327
19 431
21 101 343 350
12 20 345
32 223 242 247 393 466 470
27 39 55 115 118 270 475
12 351
30 289
20 13 138 193 254 300
21 27 82 116 270 378 489 491 498
23 10 28 343 376
22 3 49 54 266 376 472
32 148 171
16 32 35 47 128 238 241 255 339
25 21 136 155 203 302
23 115 191 445
11 78 129
30 124 239
31 113 488
18 268
13 227 398 438
14 86
1 75 492
20 66 79 370
6 145 333
14 33 288 317 389 422 450
21 29 210 283
21 46 136 197 280
20 153
38 316
22 426
4 46 340
17 260 366 400 451
10 228 315
18 9
32 212 420
24 194
22 214 217
21 160 251 268 285
29 99 426
23 48 173 186 324
25 21 320 328
22 46 166 325
12 314
24 120 155 232 490
26 37 87 218
18 21 48 137 174 285 291
20 13 63 342 373
22 41 100 308 355 454
15 267 345
19 118 180 216
8 253 257 273 302 485
20 222 345 372 463 492 493
23 93 181 253 366 378 458
6 46 159 184 217 274 487
13 37 314
19 454
34 130
20 18 91 172 177 229 315 444
22 357 364 410
21 276
27 137
24 15 62 447 450 459
23 278
15 37
18 48 258 344 365 398 411 464
7 12 105 156 174 310 312 425
27 41 87 162 234
32 427
7 65 66 419
24 26 436
19 158
18 319
17 306 422
11 212 302
28 198
32 4 30 44 179 337
15 49 79 127 343
11 96 373
30 38 146 206 308 374 388
16 71 93 468
23 181 237
22 415
10 122 302
16 149
30 75 160
24 151 253 273 400 424 471
18 2 13 160 232 281 453
20 167 267
21 16
23 103 357
11 180
20 49
6 28 199 218 291
28 330
28 348 398 472
32 54 151 385
3 138 220 346
20 76 291 385 404
18 79 198 456 468
22 230 353 361
9 11
35 41 175
12 19 118 234
11 184
16 479
29 3 302 339
11 34 178 202 431
17 18 136 379
26 108 166 387 405
31 450
16 20 152 470 499
7 217 373
18 16 248 353
31 262
16 62 263
12 163 178 259 463
28 0 245 276
24 45 120 161 317 329
21 78 240 383
21 11 140 174 182 456
10 106 377 465
21 34 68 130 347 425 478
15 22
20 166 251 370
24 197 326 364 428
17 230
23 198 257
10 211 261
13 32 275 437
15 70 294
27 35 374
19 59 469
29 111 129 133 366
22 167
21 105 314 413 466
13 114 160 378 409 413 468
18 90 108 215 355 401
25 34 160 217 241 262 406 419
8 152 160
23 125
22 199 359 405 463
13 173 296 406
28 265
34 251
24 164
24 103
21 268 391
9 306 444
17 77 177 376
26 173 410 468
24 144 285 345 417
26 60 224
14 478
19 163 191 228 291 349 493
8 12 434
26 84 212 296
27 28 81 211 278 370 420 467
29 35 329
24 25 26 228 276 295 317 418
15 8
27 191
22 403 439
16 260 491
21 106 327
25 343
15 259
38 4 56 263
19 35 51 62 260 266 313
16 0 19 276 392
30 223 247
18 55 86 96 462
14 284 362 495
23 76 135
5 388
22 138 276
22 35 131 202 206 224 265 324
10 344 369 442
28 103 137
2 52 65 87 305 324
19 16 411 494
22 11 150 158 331 487
18 148 453 470 472
27 64 161 311 419 431
22 7 126 192 252 399
15 110
23 54 175 432 489
18 90 180 497
24 120 264
27 226
18 7 466
25 24 211
18 211 482
18 13 324
22 395
15 262 415
7 50 156 410
24 28 84 239 432
19 356 384
13 11 121
14 32
16 126 140 205 441
23 114
8 78 363
19 6 141 150 155 233 276
22 120
23 371
21 53 65 310
24 191 289 298 364
26 104 263 462
19 18
26 30 54 105 158 247 297 440
17 10 56 62 217 477
20 52 157 226 268
43 126
14 136 152 444
24 89 118 422
21 220 352 463
24 0 469
14 161
14 18 128 153
21 35 363
32 267 494
23 124
18 267 309 311 381 382 449
19 296
14 52 143 277 299 372 412 427
30 133 259 457
23 154 302 387
21 31 235 360
28 250 281
21 151 185
27 454 492
20 175 353 419 440
23 137
15 62 395
8 252
21 111 220 337 489
23 222 363 453
18 29 244 303 482
6 155 215 342 485
25 21 74 121
17 41 238
19 352
11 204
18 36 121 211 388 429
29 26 60 184
30 76 159 279 413
18 179
21 60 391
19 138 157 407 457 464
25 157 185 246 367 412
19 484
34 105
25 6 188 200 206 243 429
27 253 301 385
15 91 175
28 84 309 364
27 138 168 275 478
13 2 30 156 161 254 322
22 332
15 26 249 393
3 141 245
31 18 203 299 439
15 10 40 376
24 208
28 30 150 392 465 477 486
23 41 58 136 205 258 276
27 76
10 284
29 230 492
18 100
20 91 356 449
17 298 347
15 98 204 301
16 384
9 42 243 466
20 239
20 179 315
15 148 230
19 168
24 49 59 312 393
20 403
13 4 283 292
21 47 344 402 499
12 247 402 456
10 64 65 74 103 109 115 185 343 419 426
23 491
17 470
16 82 99 202 247 390 470
21 96 201 368 440
15 427
31 63 155 439
11 75
15 12
15 142
11 29
22 3 207 301 440
11 376
7 9 200
12 165 207 310 447
23 22 105 229
24 499
32 104 130 398
10 42 225 253 289 421
14 326 362
29 405
31 318 485
22 445
21 71 148
1 52 282
19 201 255 348 382
22 235
24 191 497
15 42 116 411
16 39 88 292 359
17 46
27 47
12 239 335
28 162 174 252 384 450
7 141 212 349 363 447
24 58 269 328 408 455
28 63 132 199
17 49 235 366
16 120 122 163 181 186 344 383
19 201 332
25 234 276 322 351
20 471
23 3 97 364 485
12 226 371
14 224 421
16 166 228 473
32 264
23 64 427 450
28 227 295 325 374 461
35 9 149 208 409 430
31 92
34 138 212 314 464
21 83
7 69 220
25 43 206 315
19 105 165
1 20 30 80 310 495
34 17 258 351 401 466
27 107 260 439
7 405
20 172 319 403
12 64
21 127 254 313 355 394
17 114 178 406
15 115 231 290 311 357 394 428
33 330 399 465
33 152 333
16 26 62
14 15 363
11 31 120 169 330 363 428
5 32 392 480
15 5 20 180 250 315 416 418
12 4 60 177 379 414
3 100 196 397
24 201 491
24 7 140 233 326 337 491
27 75 385
11 26 108 142 303 403 467 481
7 303 318
15 340 443 459 482
13 53 55
22 64 229 331
15 34 201
11 97 158 279 338
26 10 358 383 492 497
15 247 417 482
16 48
11 66 96 262 394
22 244 447
20 50 86 205
24 262 265 286 398 403 470
26 54 278
23 79 192 261 380
19 167
14 237
15 203 385
17 32
18 150 230
30 10 16 227 367 468
23 303
19 277
19 190 463 467 499
14 464
17 98 318
20 36 171 342
33 5 15 66 370
17 93 390 401
23 317 375
12 62
15 373 454
14 215
19 54 465
20 37 335 467
9 277 404 470
9 335
15 73
24 70 204 254 499
20 20 54 231 276
22 107 166 370 417
21 132 219 293
23 8
23 473
23 406
20 247 253 269 299 400
17 332 349 463
14 275 296
19 69
22 13 31 199 253 492
20 100 226 314 398 412 422
20 207
14 113 264 313 335
18 108 306 314 405
14 393
15 90 222
18 402
19 11
17 122 189 200
33 220
26 88 104 183 225 273
17 363
5 109
12 179 309 436
19 113
17 48 156 165 220 427 436
11 72
25 155 410
23 30 133 138 199 243 446
16 200
28 6
19 9 57
23 41 156 175 304 322 344 427
17 154 199 226 475
30 88 91 102 172 360
18 226 352
17 467
15 263 420
11 64 259 303 336
14 8 70 95 255 442
31 105 122 169 221 442 488
32 205
5 40 110 141 185 280 283 416
9 490
19 265 308
18 170 322 365 384
23 161 315
13 228
12 15 69 210
22 66 140 169 428
33 82
12 224 319
32 342 368 430
17 24 67 101 238 277 378
13 178 327 406 471 476
28 5
31 127 353
31 191 341 444
18 48 215 239 351
12 294 316
17 433
12 14 60 278 334
14 63 83 300 303 314 320
6 58 98 258 313 411
18 187 434 462
13 75 483
16 275 428 478
5 300
14 238 374 459 470
6 182 358
24 132 149 260
30 47
23 271 293
25 115 230 251 275
27 13 15 244 254
27 179 218 256 330
39 260 325 469
24 1 227 281 491
22 88 178 281 392
22 278 422 439 487
9 344
22 93 140 335
17 105
24 94 118 152 187 348 351 371
5 18
45 292
27 2 467 479
17 32 95 274 423
16 58 92 153 292 371 440
22 139 211 238 259
31 376
22 65 202
34 392 395
19 46 401 443
26 59 254
34 284
22 34 115 433
11 228 246 383
8 83 114 271 406
19 325 438
14 63 145 301 491
15 72 355
31 213
26 87 184 258 440
28 157
21 131 256
21 33
19 185 283
23 125 162 263
24 213 479
23 276 433
22 82
22 141
25 88 192
10 121 240 388
29 65 114 188 278 286 395
24 83 85 264 396
12 111 206 213
19 464
14 263 268 336 443
26 402
22 486
23 232 262
33 298 413
6 114
26 299 439
20 416
28 270 395
16 152 169 256
25 23 79
1 457
21 87
30 85
36 70 104 413 441
22 112 285 394
23 180 301 477
34 3 69 174 457
6 27 125 231 313 394 427
20 473
18 9 144 215 347 359 369 410
23 76 178 229 257 316
22 79 154
12 83 270
7 4 31 33 237
18 6 170 262 340
22 138
19 125 159 347 484
12 303
9 93
24 342 407
19 66 192 236 273 281 314 474
12 2 4 35 241
18 75 80 176 202 304 397 461 483
20 90 142
13 260
25 248
21 82 286 373 446
10 83 430
34 22 92 101
25 57 121 125 248
8 214 260 266 470
18 15 324 429
25 105 138 251 262 341 377 410 483
21 371
17 370
11 69 246
2 64 457 461
12 176
18 277 325
23 131 175 437
15 151 323 394
13 223
13 190 195 206 296
28 18 51 115 402
19 83 142 467
27 214
21 337 403
21 154 169 240
19 171
15 167
20 0 162 183 273 274
21 275 410
17 202 252 493
4 50 278 485
16 133
18 190
21 313 407
9 166 417
28 13 192 272 329 365 432
20 46 99
21 268
15 51 185 290 459
22 96
16 127 283 350
22 55 499
9 28 154 178 377
18 138
24 198
21 85 106 183 312
15 356 445 469
16 28 178 295 338
25 124
23 187 266
12 296
11 121 261
15 84 104 251
27 305
19 57
16 180 251
15 390
30 265 419 489
17 104 119 200
3 13 262
12 149
20 93 161 303
21 20 130 201 259 344 423
21 148
25 414
11 49 105 146 478
21 211 330 409 442 491
32 97 341
10 372 446
27 330 401 491
21 302
30 99
9 122 176 183 190 220 255 262 263 301 441 442 486
26 4 93 306
18 397
22 30 89 101 213 262 462 471
26 18
20 122 392 422 441
16 25 321 381
25 274
32 10 133 211 252 286 477
23 325
13 218 496
15 134 225 474
10 240 303 366
18 229 492
14 7 12 22 192 312 359 403 447
22 309 322 362 403
35 224
26 314 461 482
10 5 193 314 436 492
20 95 173 492
4 78 96 405
31 400
15 71 149 158 219 399
13 412
24 234
37 234 459
25 182 199 390 491
27 37 336 485
7 14 59 77 103 147 172 343
18 128 204 408 498
28 26 86 146 149 228 262 330
15 61 66 281 376 418
33 488
10 241 299
20 258 367 412
11 224 424 487
30 42 97 148 381
19 46 161 260 393
24 117 249 275 283 304
17 293 349 378 392
20 201 227 355 428
15 404
18 30 50 96 342 439
28 26 145 213 337
27 357
25 69 206 266 354 495
18 77 244
20 27 340
16 19 374 431
11 419
22 162 213
20 106
23 69 139
27 66 343
20 360
12 106 160
25 77 165 368
26 319 402
24 31 182 424 482
18 490
10 206
25 9
11 11 383
15 478
25 216
19 45 263
10 162 270
25 156 182 441 493
10 114 128
3 122
15 19 66 251 313 357 433
23 26 150 227 287 337 366 492 495
13 50
11 8 21 230 257
29 188 479
31 34 81 136 169 171 289
23 4 64 97 134 179 192 276 334 340
20 113 301
15 4 19
21 176
11 415 471
25 258 265 346 356 445
19 225 474 485
28 115 283 348 486
24 203
16 109 332 333
32 8 52 498
19 375 447
18 339 411
22 339
24 54 295 424 478
25 222 374
32 150 332
7 130 349 409
25 134
21 62
29 200 376 497
20 69 180
29 154
11 226 319
29 64 96 386
28 307
38 441
23 78 141
15 20 44 58 174 213
19 55 214 363
25 461
11 34 135 224 370 420
28 332
7 150 273
19 225
24 118 326
24 100 237
13 266 282 454
22 98 101 120 184
27 49 184 249 368
27 64 110 172 330 421
13 8
19 133 243 272
33 78 416
13 79 215 225 378 392
20 215 329
17 488
26 196
28 394
20 315
17 14
24 288 301 311 361 385
16 30 393
22 71 286
15 39 71 93 241 263 390 445
30 67 236
28 12 269 390
20 19
23 109 296 299 377
21 151
33 144 175 187 433
15 229
22 115 243 265 445
21 9 99 309 464
26 36 104 178 315 359 385 395 449
21 80 157 365
17 163 343 470 489
31 300
14 423 458 470
21 98 312
16 168 259 287 382 413
12 327
29 80
22 210 392
1 92 333
17 0 19 402 459
17 117 293
20 264
30 58 230 325 334 347
11 91 272
28 101 319
15 156 204 327 431
23 339
31 49 118 235
33 224 438
6 132 234 258 441 457
23 10 179
25 38 234 269 282
19 346
26 191
27 68
14 148 405 433 436
22 494
19 339
21 195 289
19 20 324
26 247 445
23 37 153 289 294 438 443
20 195 320
16 162
27 85 304 439
8 94 164 184 185 349
17 195 249 445
11 95 226 383 415
16 43 154
17 20 382 473
10 455
26 115 172 178 216 471
19 368 389
36 212 463
32 172
18 228 400 424
25 127 178
13 80
29 106 174 333 455
15 148 167
27 14 213 280 347 359 451 464 480 488
19 24 45 160 224 402
25 94 135
27 115
27 95 139 237 310 479
3 79 107 115 136
16 93 157 327 369
15 190 416
15 153 170 378 393
8 207 209 316 456
24 289
