500 1000 5870
32 255
25 72 101 420 435
16 494
30 422 497
22 350
23 196 202 432
23 155
14 200 302 475
18 226 490
24 11 223 334
16 283 408 457
23 67 70 135 444
19 214 312 354
23 186 219 304
28 38 47 350
24 378 412
18 114 217 345 474 491
15 26 49 203 366 384
27 278
11 482
19 70 84 238 257
13 146 480
18 194 452 468
19 27 94 251 329 454
21 269 296
24 253
30 259
20 140
17 477
20 100 336
17 69 260 335
19 174
19 155 164 363 395
19 73
10 388
22 142 207 221 440
28 137 150 182 226 290
29 65 354 400
14 106 116 276
15 38 217 262
17 325
35 353 485
13 223 421
16 266
22 29 260
19 292
8 32
22 142 291 332
18 128 251 315 342 487
32 20 223 308 353 465
21 175 186 422
13 57 435
18 10 163 181
17 191
22 172 243 276 287 295 322
24 109 187 392 465
23 170 416
15 136 143 225 313
14 90 180 284 312
9 157 235 254 303
26 266 303 306 316 489
24 91 199 238 245 470 484
10 259
10 17 135
18 411
13 110 232 376
18 240 473
31 226
24 118
15 18 123 174 439
23 89 209 267
19 120 451
24 389
18 7 21 22 34 445
10 39 298
15 7 33 57 150 180 274 451
36 120 300 433 479
20 372
25 80 101 146 192 359 490
16 99 293 376 402 493
25 59 442
15 82 202 413
30 1 64 486
20 150
8 21 287 456
24 331 396
6 95 282 411 475
25 68 115 228 332
5 206 327
6 473
19 374 412
19 469
26 65 377
25 231 296 361
31 119 206 360
26 59 412
11 29 202 245
13 10 19 396
18 98 225 316
21 290
22 216 303 471 492
17 190 477 485
16 26 96 270
13 23 34 94 461
17 434
24 381
23 24 129 230
22 131
30 327
33 352
8 241
1 65 121 336
31 177
11 2 327 415
10 333
21 79 171 202 258 286 444
12 201
25 63 491
19 377
17 214
14 333 378
35 20 101 149 496
22 87 190 217 300
28 13 316 497
25 63 110 271 483
26 87 136 235 252
26 4 87 192
21 244 250 370
20 66
16 4 16 142 230 353
16 454 498
14 427 473
17 136 464
31 71
15 138 188 403
23 44 75 89 144 148 161 270 309 466
18 70 164 224
11 45 336 459 468 489
23 48 272 302 402 459 472
11 427 495
16 46 68 165 207 259 348 462
15 6 12
23 44 45 112 120 181 334 446 451
23 69
16 417
23 272 332 445
14 47 217 324 354
30 4 201
26 33 104 113
14 16 268
15 45
19 128
27 249 461
14 113 114 419
18 209 386 488
20 253 278
13 440
29 76 179 289
14 20 176 276 412
26 194 196 244 396 466
21 394
32 293 422
30 97 192 343
23 50 151 165 231
2 115 254 343
20 359
22 126 143 150 214 330 395
25 208 324 340 386
20 339 487
11 49 276
20 232 454
20 130 154
21 187 293
28 289
14 180
27 183
31 446
20 75 156 296 443 468
18 78 109 290 458 483 495
27 135 175
19 64 395
18 469
15 231 444 458
30 211
24 300 462
22 12 82 98 122 187
16 296
18 404
17 58 76 190
17 270 478
16 261 396 451
26 268 427
21 223
13 55 303 393
22 414
10 95
37 497
24 269
17 177 272 408 422
13 138 315 342
20 144 358
24 257 266 489
28 94 242 276 404 443
25 122 212
22 186 347
14 86 115 192 382 436
10 423
19 337
17 383 487
25 72 169 333 335 343 497
15 223
26 29 88 120 376 406
19 160 454
27 493
16 338 420
18 58 378 492
24 196 241 498
24 17
30 114 119 242 387 404
23 64 99 231 478 496
18 171 228
14 175 430
26 370
30 10 19
19 6 359
15 130 264 339 477
26 330 378
12 211 320
15 119
18 232
11 421
20 79 134 140 280 335
17 96 142 245 271 355
21 122 352
23 159
22 54
14 26 258 451
21 30
31 325
30 40 115 169 433 481
14 114 196 342
3 9 228
24 99 197 307
16 41 119 141 200
9 10 36 235
23 215
20 466
12 31 55 156 225 326 346 352 484
14 12 250
5 315 332 397
22 42 184 259 360 422
33 42
25 53 336
36 220 323
34 65 357 402 452
19 5 117 119 245 346 429 459
24 398
26 465
11 30 220 473
15 384
21 4 398 448
14 66
14 314 323 388 431
25 24 80
8 82 167 203
17 138 306
29 136 391 464
21 181
26 265
18 7 89 341 358 376
26 128 289 340
23 19
32 170 314 329
25 378 489
13 282 419 438
14 29 243 425 489
23 341
31 463
13 52 233
11 167
26 336
21 177 211 498
19 40 102 141 144 153 175 223
22 39 89 156 165 287 394
20 28 98 377
20 170 340
24 20 127 252 313 334
19 196 349 368
22 78
4 78 104 213 248 465
16 122
11 64 241 475
9 257 310 393
22 12 233 352 362
39 260 264 358 466
17 53 168 430
25 65 80 89 105 108
24 231 432
29 337 426 463
19 33 190 289 305 310 477 496
21 442
16 42 59 92 161 188 386 410 418 425
15 65 212 356 393
26 52 122 235
24 143 336 362 372 387 470
24 166
23 77 118 239 334 355
12 23 326
17 123 442
9 171 326 428
23 79
6 97 262 288 376
27 100 106 140 175 245 301
23 136 253
23 53
13 453 488
10 472
9 17 80 293
7 25 425
28 203
17 171 207 231 471
17 227
1 275 293 452
10 438
20 7 11 82 135 323
28 7 151 360 457
22 203 246 265 332 440
12 156
19 213 270
13 12 68 215 373 461
11 222 273
20 55 97 270 369 370 483 493
20 99 152 229 321 468
19 139 393 447
27 10 29 211 241 499
13 271
13 29 103 110 120 166 330 434
21 237 265 291 321 324
19 94 169 331
20 165 180 215 230 261 470
10 445
11 0 350
15 182 445 449
24 80
33 63 251 306 310 486
30 183
17 432
19 15 116 126 150
6 48 138 442
10 12
18 108 199 254 474
12 3 77 178 298 434 478
16 353
19 66 93 108 192
24 173 203 249 311 384
18 256 376
15 30 304 329 379
28 374 392
21 104 286 466
18 41 428
19 211 284 326 438 469
16 53 176
18 89
17 45 132 213 342 406
19 67 70 75 233 331
17 135 224 402 472
21 104
21 128 405 473
21 103 115 310
15 208 219 353 390 408
13 68 72
26 44 142 274 457 477
18 334
24 60 81
26 14 18 87 204 217 377 473 487
26 494
24 85 104 394
19 81 381
18 21 131
17 27 285 423 457
12 126 132
9 18
19 280 329 333
23 276 471
15 388 424
11 74
26 177 262
18 254 273
9 111
13 36 316
28 246
19 385
18 70 404
11 311 325
20 300
21 393
15 427
17 60 214 259 368 433 459
19 175
18 29
18 94 101 347 395
24 336 425 463
24 70 88 411
35 189 252
17 85
21 191 364 485
10 9 129 312 343
25 39 80 118 214
30 304
14 139
7 19 115 159 387 405
14 58 158 408
14 260
24 337 410 425
29 250
12 285 387
25 412
17 143
9 40 193
15 235 477
27 54 259
28 270 322 462
23 32 234 253
14 359
23 357 396 463 494
15 349 414 483
12 164
18 27 161 205 306 451
11 336 416
12 253 273
36 350 403
22 12 60 131 374 437 491
26 284 434
19 154 208 257
12 138 221
18 318
11 26
20 275
14 122 185
33 145 424
13 91 378
21 136
15 241 269 364
3 6 329 415
19 82 332 476
14 15 89 345 365 419
14 35 119 315
21 32 94 459 492
34 44 105
18 165 171 449
19 14 70 398
22 453
13 18 154
19 426 455 485
18 179
20 65 179 442
19 68 306 354 431
18 197 264 300 392 394
21 86 219 381
15 260
23 0 332 416
21 103 192
20 82 225 325 398 492
22 151 189 227
15 19 40 90 498
18 20 375
27 110
19 276 490
22 36 334
30 391 394
22 341 432
39 7
7 24 213 327
18 163
16 52 65
30 178 413
19 49 119 407 476
25 107 301 335
18 67 145
18 171
15 128 322 475
12 233 258 339 372 443
25 40 98 176 319
25 123 364 465
19 141 185 192 247 328
25 170
25 1 125 395
8 328 381 464
20 156
18 123 310
24 172
29 290
19 408
20 287 355
9 310
19 152 273 354
27 217 328
25 54
23 69 131 173
5 354 413
25 67 203
23 240
21 264
20 258
24 42 70 71 128
1 112
29 73
16 44 75
18 448
9 38 68 179 246
10 334 335 487
29 152 183 188 211 378 472
12 29 60 170 432
29 320 420 439
15 268 292 434
16 12 64 144 192 339
17 37 206 236 410 454
22 10 33 54 98 312
23 318 455 478
14 60 76 312 493
11 176 343
22 0 491
19 89 269 414 464
19 123 151 445
16 102 112 239 296 411 465
21 1
20 323 333
10 51
10 9 75 207 261 411
21 154 163
19 305
5 154 160 239 290 319
30 382
28 207 399 412
21 129 277 495
18 58 282 421 495
16 84
20 102 110 388
20 213
4 289 457
14 114 181
26 52 260 463
12 193 220
9 4
17 122 125
7 24 96 401
16 432 434 476
1 140 326 460
17 47 71 136 157 239 304 322 389
33 268
10 371
15 140 141 289
34 106
23 383
16 492
29 287
23 88 463
30 5 453
18 41
15 55 86 166 268 291 319 379 388 399 401
25 448
18 272 446
21 78 104 191 378
21 85 338 365
6 46 276 409
16 53 202 373 498
21 218 303 444
30 194 215 267 309 364
23 56 212
33 22 138 151 361
12 21 109 258 298
12 78 179 426 450
30 144 380 451
21 305
13 435 452 493
23 233 293
17 60 97 291 400 492
16 13 117 232 276 285 377
21 319
17 41
16 361
15 102 411
15 142 172
11 55 203 302 328
24 14
24 235
22 89
27 372 380 483
20 128 368
29 61 170 431
8 147 245 264 371 401
7 66 95 123
19 336
19 73 367
29 83 325
26 106 150 316 386
17 116
20 153 183 233 305
19 239 408 431
26 61 112 242 344 389 452
24 285 499
19 34 88 217 253 299 359 364 441
15 230 300
20 237 370
33 87 318
21 221 344 393
26 208 241 298 365
22 347 469
29 281 297
29 449
23 62 197 218
20 41 269
17 251 343 428
23 6 88 111 174 362 412 480
17 179 197 384 412
28 247
24 80 84 206 210 282 389
28 19 474 480
13 40 137
21 351
18 44 90 126 184 274
25 50 401
25 109 144
28 44 115 371
8 245 490
27 62 68 280 323
23 96 123 331 340
16 370
3 94 257
26 136 266 282 376 391
23 61 67 81 119
20 92 462
25 489
13 25 243
22 472
14 357
21 28 79 89 396 437 451 459
29 21 120 186
26 336 461
13 358
22 464
30 80 405
20 76 217 234 345
6 9 13 14 175 298
28 244 305
36 86 115
9 123 293
16 276 417
23 19 86 326 435 460
11 17
7 12 53 193 309 340 395
18 464
14 113 141 447 491
32 258 459
19 77 105 136
19 3 175 265 382 444
11 115 380
22 3 146 222 246
12 232 293
17 26
27 388 444 474
8 112 115 268 356 427
23 330
21 246 466
15 39 80 109 139
22 282 357 474
22 270
28 12 161 390
16 233 333 354
23 152 157 161
10 95 221 245 251 376 488
17 0 94 159 216 234 331
8 489
8 276 449
23 95 179 255 421 474
24 80 343
17 64 188 216
25 59 100
17 241 393
25 237 368 404
19 34 218 223
26 175 360 444 486
20 2 102 397 459 477
27 46 73 74 279 456
14 72 181 205 265 379
22 193 224 302
13 327 427 453
20 415
25 111 169 238 268 330
7 145 387
17 493
16 86 347
14 47
16 127 381 498
13 445
18 27 93 177 184 211
25 215 450 492
19 25 169 359 376
34 80 164 181 327
15 371
28 218 445
27 128 148 201 274
23 136 224 348 451
12 15 55 140 172
19 110 120 313 432 493
5 274 277 385 403
5 100 175
10 426
15 227 457 497 498
5 20
19 495
21 28 154 170 353 464
16 165
29 201 238 256 259 359
25 32 222
21 10 17 204 292
13 54 127 202 224 321 338 402
19 130 198 226 272 470
25 109
16 86
23 60 176
5 88 229 421
18 133 413
17 40 141 174 196 208
23 113
21 105 325
10 111 123
14 277 464 499
24 40 73
7 299 318
15 132 286 333 469
27 445
16 51 87
18 55 134 261
19 19 453
12 236 256 437 461
17 45 342 358 415 481
27 229 258 313 386
24 170
9 3
22 297 351 425
20 179
38 39 128
33 268
27 390
24 75 161 214
31 332 387 430
20 111 120 155 158 211 284 410 483
12 147 343
17 26 261 291 454
24 0 261
5 100 285 394
24 422
23 4 165
17 179 219 380
8 143 236 275 341 431 491
30 22 487
13 145 165 181 233
25 23 42 54 260 423
23 43 164
22 189
14 202
26 4 93 94 321 423 440 464
13 116
11 307 471
21 46 85 100 118 157 163 189 294 335
23 488
22 469
22 22 268 336
3 34 55 155 203 288 413 428
12 21 474
15 24 318 385
23 89 436 468 476
26 175 323
13 173 421
36 485
21 286 317 338 376
19 127 186 191 212 372
19 55 95 103 271 355 391 408 431
22 7 276 314 425
11 340 418
19 78 173 401 449
17 195 218
14 100 248 267
15 137 167
17 55 107 253
24 237 301 461
24 125 194 217 255 317 422
32 218 433
16 92 328
14 1 31 449
22 87 134 441
32 15
29 95 140 296 351 457 488
25 134
12 28
9 475
14 17 164 345 367
19 393 419
16 82 312 366 442
22 33 130 202
22 181 253 326 483
17 366
24 64 116 166 183 193 276 278 437 454
17 37 454
20 423
13 145 178 297
28 106 374
19 68 275
14 75 178 187 211 220
10 56 248 256 431 494
26 136 161 385 405 495
29 28 30 92 161 232 343 410
24 60 76
31 140 268 313 314 453
27 15 367 428
25 101 129 382 386
20 306 426
15 14 160 222 250 281
18 250 403
13 167 307
11 1 127
13 227
10 372
18 21 135
31 122
20 412
3 190
33 198 210 489
17 146 242 393
17 103 257 289 356 413
25 13 148 247 310 466 480
7 76 215 243 269 410
27 40 337
15 33 149 359 428 496
21 4 9 169
25 102
27 110 336 342 372
6 91 425
22 261 389 401
11 373
23 437
21 134
18 149 242 354 379 419 491
26 227 460
18 162 176 376 391 452
25 12 123 285 359 467
16 84 206 259 377
15 24 67 194 195 273 275 288 416
7 64 72 78 118 141 174
12 393
20 75 172 246
11 129 170 175 292 294 401
12 162 174
22 222 410
17 22
19 68 119 336
30 146 288
24 285 386
19 257 286 436
15 465
9 41 68 221 224 446
8 104 136 301 340 382 447
16 34 105 350
25 144
19 273
20 26 247 303 446 455
28 37 41 361
24 6 241 465 490
25 10 310
19 328 393
22 154 176 294 363 493
10 59 69 286 415
18 152 320
20 193 491
23 98
20 286
18 68 250
20 79 203 224
15 490
20 93
9 45 111 151 162
16 456 490
16 32 112 493
7 162 430
36 29 145 172 197 239 315
17 54 239 294
13 249 254
10 235 299 421 432
5 42 139 220 285
24 47 181 260
28 36 109 400 487
19 108
27 54 334 488
19 310 384
27 491
23 3 151 443
35 152 324
23 36 81 96 201 215 242
18 111 363 425
18 167 363
21 341 391
13 101 442 499
13 10 20 140 212 288
14 15 16 267 313 350 497
10 48 424
22 150
17 44 100 220 398 410 422 438
3 142 477 486
20 74 152 195 204 379 485 493
20 86 115 255 370 393 412
28 102 396 401
2 183 345
28 122 295
23 235 272
28 71 143 191 367
24 111
12 4 194
24 290 294 414 469 472
26 22 124 125 182 267 471
15 105
23 34 35 116 263 395
23 323 413 445
27 14 113 211 299 356
17 16 415
28 17
22 111 265 330 434
9 133 225 246 275 438
17 157 258 384 452
24 95 114 284 365
20 99 313 498
14 178 228
23 120 237 332
9 52 272 307 362
30 232 272 340 424
18 115 220 388
17 3 297 389
27 26 462
17 0 4 15 115 127 169 235 274 304 406 447
22 45 97 431 458
14 162 208
17 70 272
6 43 341 455 476 497
17 49 162 203 281
29 111
13 133 207 239 295 298 356 367 415 449
25 208
20 30 81 84 127 147 235 278
13 91 185 438
21 495
12 233
12 16 92 138 313 336
27 84 146 221 253 382 491
25 21 22 281 499
22 370
32 318
34 51 330 362 424
25 43 95 108 216 242 329 459
19 355 408 438 452
19 320 419
12 490
20 184 250 345 349 372 448 486
19 47 441
28 110 277 462
28 3 65 308
8 47 487
24 33 147 260 286 301 461
12 225 347 360
31 49 207
22 32 187 220 231 268 364
15 458
17 266 497
25 46 153 235 247 255 275 301 366
20 139 425
19 108 324 482
21 145 199 366
11 135 240 250 258 370
19 167
18 8
11 139 145 186 226
17 107 246
21 0 116 336 350 402
28 12 36 289 442
15 116 221 395 497
20 235 340 442
31 336 480
19 424
14 4 130 412 463 477 497
18 77 85 257
15 50 422
19 103 285
12 428
14 263 303
14 61 439
17 204 227 300 321
23 10 94 378 496
20 57 60
20 188 209 268 308 379
9 29 170 221
19 26 91 414
